Name: 
erere
-----------------------------------------
Date: 26.04.2022 23-55-49 
-----------------------------------------
MeasureType: Amperage
-----------------------------------------
MeasureSubType: Time
-----------------------------------------
Description:

-----------------------------------------
Measure:
Time, сек   | Amperage, Am  
-----------------------------------------0           |1739        1           |2377        2           |2073        3           |2018        4           |2427        5           |2134        6           |2155        7           |2259        8           |2307        9           |2299        10          |2279        11          |2239        12          |2075        13          |2001        14          |2405        15          |2113        16          |2138        17          |2267        18          |2303        19          |2291        20          |2263        21          |2123        22          |2015        23          |2403        24          |2087        25          |2062        26          |2209        27          |2301        28          |2306        29          |2274        0           |0           