Name: 
олллододл
-----------------------------------------
Date: 26.04.2022 23-57-40 
-----------------------------------------
MeasureType: Amperage
-----------------------------------------
MeasureSubType: Time
-----------------------------------------
Description:

-----------------------------------------
Measure:
Time, сек   | Amperage, Am  
-----------------------------------------0           |1758        1           |2403        2           |2085        3           |2015        4           |2418        5           |2123        6           |2083        7           |2187        8           |2283        9           |2309        10          |2299        11          |2275        12          |2246        13          |2111        14          |2015        15          |2395        16          |2082        17          |2047        18          |2022        19          |2655        20          |2367        21          |2294        22          |2255        23          |2155        24          |2055        25          |2003        26          |2406        27          |2097        28          |2061        29          |2097        0           |0           