Name: 
sdgsg
-----------------------------------------
Date: 01.05.2022 22-35-42 
-----------------------------------------
MeasureType: Amperage
-----------------------------------------
MeasureSubType: Range
-----------------------------------------
Description:
1
-----------------------------------------
Measure:
Wave, нм    ,Amperage
нм            у.е  
-----------------------------------------20000       ,52          20001       ,15          20002       ,57          20002       ,87          20003       ,46          20004       ,44          20005       ,57          20006       ,47          20007       ,69          20008       ,33          20009       ,37          20010       ,24          20011       ,61          20012       ,69          20013       ,39          20014       ,20          20015       ,42          20016       ,26          20017       ,31          20018       ,36          20019       ,41          20020       ,31          20021       ,16          20022       ,93          20023       ,22          20024       ,38          20025       ,15          20026       ,55          20027       ,24          20028       ,72          20029       ,90          20030       ,31          20031       ,83          20032       ,24          20033       ,87          20034       ,42          20035       ,13          20036       ,89          20037       ,51          20038       ,23          20039       ,83          20040       ,10          20041       ,24          20042       ,60          20043       ,23          20044       ,48          20045       ,92          20046       ,95          20047       ,78          20048       ,46          20049       ,34          20050       ,79          20051       ,38          20052       ,37          20053       ,36          20054       ,30          20055       ,98          20056       ,64          20057       ,74          20058       ,18          20059       ,38          20060       ,12          20061       ,32          20062       ,96          20063       ,42          20064       ,15          20065       ,41          20066       ,46          20067       ,81          20068       ,96          20069       ,16          20070       ,52          20071       ,74          20072       ,17          20073       ,53          20074       ,40          20075       ,17          20076       ,55          20077       ,79          20078       ,73          20079       ,45          20080       ,20          20081       ,76          20082       ,77          20083       ,48          20084       ,21          20085       ,93          20086       ,56          20087       ,87          20088       ,67          20089       ,43          20090       ,48          20091       ,24          20092       ,43          20093       ,84          20094       ,81          20095       ,78          20096       ,27          20097       ,28          20098       ,17          20099       ,17          20100       ,55          20101       ,23          20102       ,81          20103       ,39          20104       ,81          20105       ,15          20106       ,30          20107       ,83          20108       ,96          20109       ,23          20110       ,53          20111       ,84          20112       ,11          20113       ,72          20114       ,28          20115       ,35          20116       ,54          20117       ,58          20118       ,31          20119       ,22          20120       ,84          20121       ,58          20122       ,24          20123       ,63          20124       ,68          20125       ,37          20126       ,40          20127       ,33          20128       ,71          20129       ,62          20130       ,89          20131       ,37          20132       ,72          20133       ,66          20134       ,90          20135       ,96          20136       ,94          20137       ,48          20138       ,66          20139       ,16          20140       ,72          20141       ,72          20142       ,91          20143       ,53          20144       ,90          20145       ,63          20146       ,23          20147       ,71          20148       ,65          20149       ,56          20150       ,33          20151       ,68          20152       ,96          20153       ,94          20154       ,32          20155       ,96          20156       ,99          20157       ,28          20158       ,71          20159       ,53          20160       ,74          20161       ,97          20162       ,22          20163       ,44          20164       ,34          20165       ,25          20166       ,22          20167       ,44          20168       ,82          20169       ,32          20170       ,40          20171       ,16          20172       ,92          20173       ,24          20174       ,50          20175       ,22          20176       ,67          20177       ,71          20178       ,72          20179       ,14          20180       ,24          20181       ,69          20182       ,67          20183       ,25          20184       ,38          20185       ,30          20186       ,40          20187       ,77          20188       ,43          20189       ,93          20190       ,96          20191       ,76          20192       ,76          20193       ,22          20194       ,42          20195       ,74          20196       ,60          20197       ,57          20198       ,28          20199       ,75          20200       ,51          20201       ,78          20202       ,89          20203       ,43          20204       ,25          20205       ,26          20206       ,76          20207       ,82          20208       ,53          20209       ,20          20210       ,39          20211       ,37          20212       ,56          20213       ,67          20214       ,39          20215       ,14          20216       ,40          20217       ,96          20218       ,15          20219       ,13          20220       ,84          20221       ,45          20222       ,10          20223       ,88          20224       ,35          20225       ,64          20226       ,40          20227       ,79          20228       ,82          20229       ,75          20230       ,62          20231       ,20          20232       ,52          20233       ,97          20234       ,62          20235       ,45          20236       ,79          20237       ,33          20238       ,10          20239       ,22          20240       ,54          20241       ,58          20242       ,33          20243       ,33          20244       ,63          20245       ,68          20246       ,30          20247       ,18          20248       ,83          20249       ,37          20250       ,44          20251       ,63          20252       ,51          20253       ,25          20254       ,90          20255       ,16          20256       ,77          20257       ,10          20258       ,17          20259       ,61          20260       ,86          20261       ,96          20262       ,99          20263       ,78          20264       ,57          20265       ,28          20266       ,85          20267       ,58          20268       ,14          20269       ,93          20270       ,34          20271       ,16          20272       ,96          20273       ,93          20274       ,59          20275       ,35          20276       ,21          20277       ,77          20278       ,34          20279       ,66          20280       ,44          20281       ,31          20282       ,95          20283       ,55          20284       ,41          20285       ,98          20286       ,68          20287       ,37          20288       ,16          20289       ,56          20290       ,67          20291       ,79          20292       ,26          20293       ,48          20294       ,36          20295       ,57          20296       ,58          20297       ,55          20298       ,76          20299       ,45          20300       ,83          20301       ,71          20302       ,13          20303       ,89          20304       ,12          20305       ,38          20306       ,67          20307       ,58          20308       ,65          20309       ,64          20310       ,94          20311       ,10          20312       ,75          20313       ,50          20314       ,26          20315       ,64          20316       ,10          20317       ,54          20318       ,46          20319       ,58          20320       ,59          20321       ,58          20322       ,52          20323       ,57          20324       ,36          20325       ,55          20326       ,90          20327       ,57          20328       ,67          20329       ,12          20330       ,77          20331       ,65          20332       ,10          20333       ,89          20334       ,83          20335       ,73          20336       ,27          20337       ,16          20338       ,52          20339       ,12          20340       ,41          20341       ,20          20342       ,71          20343       ,51          20344       ,62          20345       ,66          20346       ,13          20347       ,75          20348       ,32          20349       ,71          20350       ,56          20351       ,14          20352       ,18          20353       ,27          20354       ,85          20355       ,34          20356       ,29          20357       ,56          20358       ,63          20359       ,57          20360       ,48          20361       ,19          20362       ,91          20363       ,63          20364       ,87          20365       ,38          20366       ,99          20367       ,86          20368       ,67          20369       ,53          20370       ,46          20371       ,94          20372       ,12          20373       ,44          20374       ,26          20375       ,49          20376       ,86          20377       ,10          20378       ,95          20379       ,69          20380       ,51          20381       ,24          20382       ,35          20383       ,95          20384       ,56          20385       ,72          20386       ,57          20387       ,83          20388       ,14          20389       ,58          20390       ,53          20391       ,71          20392       ,52          20393       ,95          20394       ,64          20395       ,32          20396       ,29          20397       ,18          20398       ,64          20399       ,33          20400       ,66          20401       ,27          20402       ,18          20403       ,78          20404       ,35          20405       ,61          20406       ,12          20407       ,74          20408       ,10          20409       ,45          20410       ,47          20411       ,28          20412       ,60          20413       ,93          20414       ,15          20415       ,33          20416       ,84          20417       ,95          20418       ,17          20419       ,25          20420       ,81          20421       ,26          20422       ,81          20423       ,18          20424       ,99          20425       ,74          20426       ,52          20427       ,16          20428       ,80          20429       ,94          20430       ,30          20431       ,78          20432       ,46          20433       ,72          20434       ,12          20435       ,33          20436       ,16          20437       ,57          20438       ,69          20439       ,94          20440       ,70          20441       ,82          20442       ,82          20443       ,68          20444       ,20          20445       ,35          20446       ,21          20447       ,58          20448       ,89          20449       ,40          20450       ,48          20451       ,33          20452       ,10          20453       ,49          20454       ,51          20455       ,50          20456       ,45          20457       ,99          20458       ,78          20459       ,61          20460       ,19          20461       ,95          20462       ,94          20463       ,16          20464       ,25          20465       ,69          20466       ,82          20467       ,87          20468       ,90          20469       ,81          20470       ,27          20471       ,36          20472       ,35          20473       ,22          20474       ,54          20475       ,98          20476       ,43          20477       ,23          20478       ,97          20479       ,74          20480       ,62          20481       ,93          20482       ,27          20483       ,49          20484       ,56          20485       ,96          20486       ,78          20487       ,97          20488       ,30          20489       ,62          20490       ,88          20491       ,16          20492       ,78          20493       ,18          20494       ,85          20495       ,74          20496       ,88          20497       ,76          20498       ,52          20499       ,51          20500       ,53          20501       ,34          20502       ,67          20503       ,17          20504       ,23          20505       ,21          20506       ,97          20507       ,87          20508       ,94          20509       ,53          20510       ,16          20511       ,32          20512       ,12          20513       ,13          20514       ,98          20515       ,25          20516       ,78          20517       ,54          20518       ,60          20519       ,29          20520       ,90          20521       ,84          20522       ,66          20523       ,38          20524       ,93          20525       ,20          20526       ,58          20527       ,26          20528       ,37          20529       ,79          20530       ,20          20531       ,66          20532       ,71          20533       ,55          20534       ,31          20535       ,38          20536       ,35          20537       ,19          20538       ,36          20539       ,44          20540       ,98          20541       ,90          20542       ,12          20543       ,77          20544       ,55          20545       ,65          20546       ,14          20547       ,75          20548       ,20          20549       ,70          20550       ,96          20551       ,43          20552       ,26          20553       ,33          20554       ,60          20555       ,68          20556       ,67          20557       ,39          20558       ,24          20559       ,12          20560       ,63          20561       ,80          20562       ,60          20563       ,24          20564       ,43          20565       ,50          20566       ,61          20567       ,57          20568       ,82          20569       ,69          20570       ,89          20571       ,68          20572       ,28          20573       ,25          20574       ,30          20575       ,10          20576       ,81          20577       ,88          20578       ,82          20579       ,38          20580       ,16          20581       ,82          20582       ,16          20583       ,67          20584       ,82          20585       ,76          20586       ,50          20587       ,47          20588       ,94          20589       ,63          20590       ,71          20591       ,96          20592       ,95          20593       ,34          20594       ,81          20595       ,28          20596       ,39          20597       ,88          20598       ,44          20599       ,15          20600       ,14          20601       ,57          20602       ,92          20603       ,50          20604       ,80          20605       ,38          20606       ,25          20607       ,10          20608       ,13          20609       ,60          20610       ,86          20611       ,78          20612       ,56          20613       ,86          20614       ,96          20615       ,80          20616       ,74          20617       ,93          20618       ,41          20619       ,66          20620       ,99          20621       ,23          20622       ,62          20623       ,28          20624       ,98          20625       ,92          20626       ,73          20627       ,93          20628       ,44          20629       ,12          20630       ,71          20631       ,93          20632       ,53          20633       ,77          20634       ,33          20635       ,59          20636       ,90          20637       ,65          20638       ,86          20639       ,54          20640       ,60          20641       ,49          20642       ,44          20643       ,44          20644       ,77          20645       ,92          20646       ,50          20647       ,19          20648       ,38          20649       ,10          20650       ,53          20651       ,45          20652       ,56          20653       ,77          20654       ,16          20655       ,91          20656       ,94          20657       ,74          20658       ,52          20659       ,87          20660       ,65          20661       ,32          20662       ,66          20663       ,11          20664       ,89          20665       ,92          20666       ,34          20667       ,79          20668       ,62          20669       ,46          20670       ,90          20671       ,18          20672       ,17          20673       ,86          20674       ,16          20675       ,59          20676       ,78          20677       ,28          20678       ,51          20679       ,16          20680       ,52          20681       ,63          20682       ,65          20683       ,43          20684       ,58          20685       ,35          20686       ,46          20687       ,76          20688       ,71          20689       ,42          20690       ,64          20691       ,25          20692       ,23          20693       ,98          20694       ,89          20695       ,38          20696       ,83          20697       ,43          20698       ,54          20699       ,84          20700       ,67          20701       ,70          20702       ,56          20703       ,91          20704       ,20          20705       ,44          20706       ,38          20707       ,69          20708       ,70          20709       ,56          20710       ,22          20711       ,75          20712       ,32          20713       ,45          20714       ,44          20715       ,11          20716       ,66          20717       ,32          20718       ,52          20719       ,64          20720       ,55          20721       ,58          20722       ,17          20723       ,29          20724       ,81          20725       ,74          20726       ,95          20727       ,18          20728       ,97          20729       ,78          20730       ,76          20731       ,44          20732       ,73          20733       ,66          20734       ,48          20735       ,81          20736       ,16          20737       ,74          20738       ,33          20739       ,23          20740       ,96          20741       ,76          20742       ,15          20743       ,24          20744       ,30          20745       ,88          20746       ,93          20747       ,77          20748       ,63          20749       ,88          20750       ,71          20751       ,60          20752       ,91          20753       ,90          20754       ,39          20755       ,19          20756       ,62          20757       ,37          20758       ,19          20759       ,45          20760       ,49          20761       ,30          20762       ,72          20763       ,92          20764       ,79          20765       ,77          20766       ,12          20767       ,66          20768       ,97          20769       ,63          20770       ,94          20771       ,91          20772       ,99          20773       ,39          20774       ,67          20775       ,78          20776       ,53          20777       ,92          20778       ,99          20779       ,93          20780       ,81          20781       ,27          20782       ,54          20783       ,18          20784       ,17          20785       ,25          20786       ,53          20787       ,82          20788       ,37          20789       ,39          20790       ,28          20791       ,79          20792       ,65          20793       ,87          20794       ,73          20795       ,76          20796       ,14          20797       ,23          20798       ,45          20799       ,52          20800       ,86          20801       ,37          20802       ,80          20803       ,10          20804       ,94          20805       ,80          20806       ,60          20807       ,61          20808       ,33          20809       ,60          20810       ,65          20811       ,70          20812       ,37          20813       ,26          20814       ,64          20815       ,32          20816       ,75          20817       ,64          20818       ,85          20819       ,63          20820       ,33          20821       ,29          20822       ,38          20823       ,67          20824       ,44          20825       ,24          20826       ,36          20827       ,22          20828       ,65          20829       ,91          20830       ,74          20831       ,40          20832       ,57          20833       ,57          20834       ,16          20835       ,53          20836       ,46          20837       ,53          20838       ,24          20839       ,36          20840       ,65          20841       ,92          20842       ,59          20843       ,76          20844       ,73          20845       ,58          20846       ,52          20847       ,48          20848       ,32          20849       ,51          20850       ,10          20851       ,49          20852       ,38          20853       ,81          20854       ,28          20855       ,67          20856       ,98          20857       ,23          20858       ,66          20859       ,79          20860       ,53          20861       ,48          20862       ,95          20863       ,41          20864       ,85          20865       ,35          20866       ,22          20867       ,79          20868       ,19          20869       ,20          20870       ,85          20871       ,31          20872       ,49          20873       ,58          20874       ,98          20875       ,41          20876       ,69          20877       ,61          20878       ,94          20879       ,85          20880       ,71          20881       ,87          20882       ,89          20883       ,24          20884       ,91          20885       ,34          20886       ,11          20887       ,76          20888       ,39          20889       ,49          20890       ,55          20891       ,33          20892       ,87          20893       ,44          20894       ,83          20895       ,26          20896       ,96          20897       ,27          20898       ,91          20899       ,47          20900       ,46          20901       ,72          20902       ,38          20903       ,21          20904       ,65          20905       ,78          20906       ,10          20907       ,79          20908       ,82          20909       ,86          20910       ,97          20911       ,46          20912       ,29          20913       ,80          20914       ,17          20915       ,65          20916       ,58          20917       ,81          20918       ,50          20919       ,60          20920       ,33          20921       ,45          20922       ,50          20923       ,70          20924       ,65          20925       ,62          20926       ,44          20927       ,14          20928       ,74          20929       ,82          20930       ,45          20931       ,52          20932       ,70          20933       ,56          20934       ,48          20935       ,99          20936       ,58          20937       ,78          20938       ,58          20939       ,22          20940       ,34          20941       ,32          20942       ,94          20943       ,52          20944       ,52          20945       ,18          20946       ,14          20947       ,17          20948       ,37          20949       ,27          20950       ,68          20951       ,24          20952       ,77          20953       ,40          20954       ,24          20955       ,11          20956       ,31          20957       ,68          20958       ,56          20959       ,13          20960       ,43          20961       ,95          20962       ,14          20963       ,10          20964       ,51          20965       ,55          20966       ,76          20967       ,73          20968       ,41          20969       ,18          20970       ,17          20971       ,80          20972       ,32          20973       ,37          20974       ,36          20975       ,11          20976       ,51          20977       ,98          20978       ,28          20979       ,56          20980       ,58          20981       ,37          20982       ,77          20983       ,57          20984       ,23          20985       ,30          20986       ,74          20987       ,40          20988       ,42          20989       ,47          20990       ,77          20991       ,90          20992       ,31          20993       ,55          20994       ,78          20995       ,38          20996       ,27          20997       ,94          20998       ,11          20999       ,97          21000       ,42          21001       ,41          21002       ,75          21003       ,28          21004       ,20          21005       ,88          21006       ,92          21007       ,49          21008       ,13          21009       ,22          21010       ,60          21011       ,33          21012       ,50          21013       ,99          21014       ,55          21015       ,16          21016       ,28          21017       ,57          21018       ,86          21019       ,30          21020       ,80          21021       ,46          21022       ,41          21023       ,93          21024       ,40          21025       ,26          21026       ,58          21027       ,77          21028       ,58          21029       ,97          21030       ,84          21031       ,56          21032       ,97          21033       ,30          21034       ,24          21035       ,27          21036       ,61          21037       ,58          21038       ,47          21039       ,35          21040       ,38          21041       ,35          21042       ,36          21043       ,29          21044       ,87          21045       ,54          21046       ,50          21047       ,31          21048       ,10          21049       ,72          21050       ,20          21051       ,69          21052       ,17          21053       ,80          21054       ,27          21055       ,95          21056       ,10          21057       ,81          21058       ,87          21059       ,93          21060       ,39          21061       ,24          21062       ,91          21063       ,15          21064       ,37          21065       ,13          21066       ,36          21067       ,29          21068       ,85          21069       ,38          21070       ,54          21071       ,69          21072       ,19          21073       ,61          21074       ,92          21075       ,55          21076       ,19          21077       ,21          21078       ,16          21079       ,86          21080       ,76          21081       ,37          21082       ,77          21083       ,86          21084       ,87          21085       ,25          21086       ,49          21087       ,26          21088       ,13          21089       ,28          21090       ,26          21091       ,80          21092       ,71          21093       ,53          21094       ,96          21095       ,23          21096       ,43          21097       ,30          21098       ,92          21099       ,84          21100       ,28          21101       ,30          21102       ,46          21103       ,72          21104       ,27          21105       ,51          21106       ,59          21107       ,56          21108       ,88          21109       ,72          21110       ,86          21111       ,88          21112       ,75          21113       ,10          21114       ,27          21115       ,11          21116       ,47          21117       ,14          21118       ,28          21119       ,22          21120       ,63          21121       ,19          21122       ,25          21123       ,66          21124       ,21          21125       ,74          21126       ,98          21127       ,65          21128       ,64          21129       ,79          21130       ,21          21131       ,88          21132       ,29          21133       ,31          21134       ,68          21135       ,55          21136       ,90          21137       ,14          21138       ,68          21139       ,46          21140       ,65          21141       ,93          21142       ,38          21143       ,41          21144       ,42          21145       ,38          21146       ,15          21147       ,70          21148       ,36          21149       ,94          21150       ,75          21151       ,39          21152       ,12          21153       ,79          21154       ,30          21155       ,18          21156       ,15          21157       ,80          21158       ,61          21159       ,53          21160       ,53          21161       ,93          21162       ,91          21163       ,18          21164       ,60          21165       ,97          21166       ,69          21167       ,53          21168       ,42          21169       ,71          21170       ,21          21171       ,42          21172       ,45          21173       ,82          21174       ,57          21175       ,70          21176       ,81          21177       ,83          21178       ,34          21179       ,82          21180       ,69          21181       ,37          21182       ,39          21183       ,70          21184       ,13          21185       ,81          21186       ,86          21187       ,49          21188       ,11          21189       ,60          21190       ,49          21191       ,20          21192       ,53          21193       ,25          21194       ,92          21195       ,71          21196       ,11          21197       ,29          21198       ,80          21199       ,44          21200       ,68          21201       ,62          21202       ,37          21203       ,64          21204       ,83          21205       ,42          21206       ,93          21207       ,30          21208       ,32          21209       ,59          21210       ,37          21211       ,31          21212       ,56          21213       ,78          21214       ,84          21215       ,25          21216       ,64          21217       ,31          21218       ,15          21219       ,79          21220       ,21          21221       ,29          21222       ,51          21223       ,82          21224       ,31          21225       ,10          21226       ,88          21227       ,30          21228       ,89          21229       ,86          21230       ,68          21231       ,61          21232       ,12          21233       ,89          21234       ,23          21235       ,17          21236       ,10          21237       ,74          21238       ,86          21239       ,70          21240       ,88          21241       ,65          21242       ,27          21243       ,51          21244       ,32          21245       ,28          21246       ,64          21247       ,75          21248       ,41          21249       ,77          21250       ,16          21251       ,80          21252       ,24          21253       ,11          21254       ,33          21255       ,49          21256       ,20          21257       ,55          21258       ,43          21259       ,82          21260       ,54          21261       ,73          21262       ,40          21263       ,45          21264       ,90          21265       ,76          21266       ,28          21267       ,66          21268       ,64          21269       ,77          21270       ,25          21271       ,90          21272       ,44          21273       ,44          21274       ,90          21275       ,55          21276       ,12          21277       ,10          21278       ,59          21279       ,13          21280       ,46          21281       ,23          21282       ,88          21283       ,21          21284       ,79          21285       ,88          21286       ,46          21287       ,10          21288       ,65          21289       ,74          21290       ,96          21291       ,54          21292       ,41          21293       ,13          21294       ,26          21295       ,25          21296       ,35          21297       ,81          21298       ,60          21299       ,56          21300       ,99          21301       ,97          21302       ,21          21303       ,64          21304       ,62          21305       ,26          21306       ,45          21307       ,79          21308       ,21          21309       ,78          21310       ,47          21311       ,20          21312       ,96          21313       ,39          21314       ,46          21315       ,40          21316       ,84          21317       ,29          21318       ,66          21319       ,12          21320       ,39          21321       ,28          21322       ,11          21323       ,89          21324       ,80          21325       ,70          21326       ,59          21327       ,41          21328       ,28          21329       ,75          21330       ,30          21331       ,30          21332       ,49          21333       ,12          21334       ,14          21335       ,49          21336       ,12          21337       ,33          21338       ,59          21339       ,63          21340       ,53          21341       ,67          21342       ,89          21343       ,87          21344       ,37          21345       ,86          21346       ,57          21347       ,11          21348       ,67          21349       ,85          21350       ,40          21351       ,15          21352       ,25          21353       ,58          21354       ,27          21355       ,81          21356       ,96          21357       ,31          21358       ,84          21359       ,91          21360       ,66          21361       ,14          21362       ,61          21363       ,46          21364       ,57          21365       ,26          21366       ,70          21367       ,93          21368       ,35          21369       ,97          21370       ,38          21371       ,60          21372       ,70          21373       ,12          21374       ,58          21375       ,72          21376       ,38          21377       ,23          21378       ,61          21379       ,94          21380       ,23          21381       ,57          21382       ,73          21383       ,42          21384       ,44          21385       ,24          21386       ,15          21387       ,91          21388       ,85          21389       ,33          21390       ,52          21391       ,80          21392       ,49          21393       ,67          21394       ,96          21395       ,49          21396       ,15          21397       ,53          21398       ,40          21399       ,20          21400       ,25          21401       ,63          21402       ,76          21403       ,70          21404       ,56          21405       ,79          21406       ,45          21407       ,22          21408       ,99          21409       ,54          21410       ,52          21411       ,83          21412       ,69          21413       ,89          21414       ,78          21415       ,19          21416       ,40          21417       ,28          21418       ,11          21419       ,43          21420       ,21          21421       ,79          21422       ,18          21423       ,11          21424       ,54          21425       ,57          21426       ,21          21427       ,12          21428       ,15          21429       ,19          21430       ,66          21431       ,85          21432       ,83          21433       ,51          21434       ,78          21435       ,59          21436       ,81          21437       ,12          21438       ,86          21439       ,64          21440       ,78          21441       ,92          21442       ,91          21443       ,40          21444       ,80          21445       ,69          21446       ,21          21447       ,59          21448       ,89          21449       ,87          21450       ,18          21451       ,87          21452       ,51          21453       ,97          21454       ,99          21455       ,45          21456       ,55          21457       ,74          21458       ,26          21459       ,98          21460       ,68          21461       ,43          21462       ,17          21463       ,89          21464       ,88          21465       ,66          21466       ,10          21467       ,28          21468       ,21          21469       ,28          21470       ,38          21471       ,38          21472       ,42          21473       ,46          21474       ,64          21475       ,29          21476       ,88          21477       ,77          21478       ,31          21479       ,84          21480       ,46          21481       ,61          21482       ,22          21483       ,28          21484       ,11          21485       ,78          21486       ,44          21487       ,86          21488       ,51          21489       ,43          21490       ,13          21491       ,16          21492       ,86          21493       ,87          21494       ,96          21495       ,45          21496       ,84          21497       ,11          21498       ,51          21499       ,23          21500       ,69          21501       ,92          21502       ,48          21503       ,70          21504       ,59          21505       ,80          21506       ,55          21507       ,14          21508       ,42          21509       ,79          21510       ,57          21511       ,77          21512       ,53          21513       ,42          21514       ,62          21515       ,17          21516       ,30          21517       ,89          21518       ,88          21519       ,20          21520       ,32          21521       ,23          21522       ,76          21523       ,78          21524       ,24          21525       ,31          21526       ,51          21527       ,55          21528       ,50          21529       ,28          21530       ,44          21531       ,86          21532       ,35          21533       ,17          21534       ,24          21535       ,54          21536       ,22          21537       ,51          21538       ,68          21539       ,31          21540       ,33          21541       ,39          21542       ,53          21543       ,71          21544       ,85          21545       ,36          21546       ,63          21547       ,54          21548       ,35          21549       ,88          21550       ,24          21551       ,95          21552       ,23          21553       ,41          21554       ,91          21555       ,55          21556       ,25          21557       ,70          21558       ,56          21559       ,37          21560       ,38          21561       ,10          21562       ,64          21563       ,23          21564       ,45          21565       ,71          21566       ,52          21567       ,46          21568       ,27          21569       ,18          21570       ,94          21571       ,78          21572       ,30          21573       ,67          21574       ,86          21575       ,93          21576       ,70          21577       ,15          21578       ,92          21579       ,88          21580       ,68          21581       ,97          21582       ,30          21583       ,61          21584       ,13          21585       ,48          21586       ,72          21587       ,94          21588       ,25          21589       ,68          21590       ,38          21591       ,52          21592       ,95          21593       ,41          21594       ,92          21595       ,32          21596       ,74          21597       ,39          21598       ,36          21599       ,24          21600       ,83          21601       ,26          21602       ,36          21603       ,27          21604       ,94          21605       ,46          21606       ,75          21607       ,56          21608       ,54          21609       ,97          21610       ,85          21611       ,20          21612       ,78          21613       ,67          21614       ,68          21615       ,41          21616       ,80          21617       ,13          21618       ,20          21619       ,96          21620       ,98          21621       ,58          21622       ,30          21623       ,58          21624       ,79          21625       ,52          21626       ,83          21627       ,89          21628       ,74          21629       ,64          21630       ,28          21631       ,41          21632       ,78          21633       ,77          21634       ,14          21635       ,51          21636       ,70          21637       ,12          21638       ,66          21639       ,67          21640       ,73          21641       ,25          21642       ,49          21643       ,28          21644       ,83          21645       ,27          21646       ,74          21647       ,37          21648       ,72          21649       ,61          21650       ,52          21651       ,71          21652       ,29          21653       ,39          21654       ,25          21655       ,35          21656       ,96          21657       ,77          21658       ,47          21659       ,52          21660       ,63          21661       ,85          21662       ,82          21663       ,90          21664       ,78          21665       ,54          21666       ,41          21667       ,10          21668       ,63          21669       ,26          21670       ,70          21671       ,77          21672       ,46          21673       ,52          21674       ,32          21675       ,83          21676       ,18          21677       ,12          21678       ,75          21679       ,62          21680       ,77          21681       ,55          21682       ,27          21683       ,22          21684       ,21          21685       ,57          21686       ,21          21687       ,48          21688       ,62          21689       ,78          21690       ,55          21691       ,92          21692       ,65          21693       ,24          21694       ,14          21695       ,87          21696       ,43          21697       ,58          21698       ,49          21699       ,39          21700       ,85          21701       ,74          21702       ,74          21703       ,55          21704       ,91          21705       ,75          21706       ,35          21707       ,76          21708       ,16          21709       ,42          21710       ,27          21711       ,94          21712       ,12          21713       ,84          21714       ,74          21715       ,17          21716       ,68          21717       ,69          21718       ,79          21719       ,31          21720       ,42          21721       ,92          21722       ,47          21723       ,84          21724       ,71          21725       ,77          21726       ,21          21727       ,31          21728       ,48          21729       ,44          21730       ,49          21731       ,60          21732       ,62          21733       ,45          21734       ,76          21735       ,13          21736       ,80          21737       ,71          21738       ,31          21739       ,46          21740       ,31          21741       ,45          21742       ,42          21743       ,30          21744       ,61          21745       ,61          21746       ,90          21747       ,80          21748       ,50          21749       ,96          21750       ,29          21751       ,73          21752       ,79          21753       ,27          21754       ,97          21755       ,92          21756       ,36          21757       ,90          21758       ,83          21759       ,23          21760       ,63          21761       ,14          21762       ,38          21763       ,71          21764       ,92          21765       ,66          21766       ,41          21767       ,66          21768       ,18          21769       ,70          21770       ,37          21771       ,96          21772       ,47          21773       ,43          21774       ,10          21775       ,96          21776       ,60          21777       ,27          21778       ,32          21779       ,19          21780       ,86          21781       ,40          21782       ,80          21783       ,51          21784       ,25          21785       ,76          21786       ,81          21787       ,44          21788       ,48          21789       ,84          21790       ,77          21791       ,90          21792       ,88          21793       ,17          21794       ,82          21795       ,26          21796       ,16          21797       ,70          21798       ,37          21799       ,94          21800       ,29          21801       ,33          21802       ,72          21803       ,79          21804       ,69          21805       ,33          21806       ,35          21807       ,46          21808       ,27          21809       ,10          21810       ,41          21811       ,18          21812       ,67          21813       ,73          21814       ,36          21815       ,32          21816       ,33          21817       ,86          21818       ,56          21819       ,26          21820       ,85          21821       ,96          21822       ,27          21823       ,33          21824       ,93          21825       ,46          21826       ,18          21827       ,40          21828       ,60          21829       ,83          21830       ,90          21831       ,90          21832       ,90          21833       ,38          21834       ,90          21835       ,62          21836       ,67          21837       ,10          21838       ,82          21839       ,92          21840       ,50          21841       ,45          21842       ,27          21843       ,48          21844       ,52          21845       ,68          21846       ,33          21847       ,24          21848       ,80          21849       ,59          21850       ,93          21851       ,30          21852       ,23          21853       ,20          21854       ,19          21855       ,32          21856       ,16          21857       ,49          21858       ,86          21859       ,32          21860       ,24          21861       ,95          21862       ,85          21863       ,43          21864       ,20          21865       ,51          21866       ,28          21867       ,39          21868       ,83          21869       ,73          21870       ,64          21871       ,32          21872       ,13          21873       ,63          21874       ,76          21875       ,50          21876       ,79          21877       ,79          21878       ,81          21879       ,35          21880       ,23          21881       ,94          21882       ,59          21883       ,10          21884       ,90          21885       ,69          21886       ,76          21887       ,79          21888       ,28          21889       ,67          21890       ,56          21891       ,28          21892       ,24          21893       ,60          21894       ,77          21895       ,54          21896       ,59          21897       ,83          21898       ,37          21899       ,11          21900       ,49          21901       ,94          21902       ,40          21903       ,16          21904       ,94          21905       ,70          21906       ,26          21907       ,59          21908       ,44          21909       ,68          21910       ,53          21911       ,36          21912       ,68          21913       ,61          21914       ,19          21915       ,30          21916       ,46          21917       ,84          21918       ,53          21919       ,50          21920       ,74          21921       ,49          21922       ,20          21923       ,25          21924       ,27          21925       ,46          21926       ,18          21927       ,53          21928       ,86          21929       ,31          21930       ,91          21931       ,95          21932       ,51          21933       ,79          21934       ,85          21935       ,29          21936       ,63          21937       ,52          21938       ,16          21939       ,29          21940       ,52          21941       ,27          21942       ,44          21943       ,59          21944       ,24          21945       ,30          21946       ,60          21947       ,63          21948       ,50          21949       ,57          21950       ,18          21951       ,74          21952       ,40          21953       ,86          21954       ,37          21955       ,10          21956       ,83          21957       ,24          21958       ,89          21959       ,58          21960       ,61          21961       ,73          21962       ,73          21963       ,22          21964       ,77          21965       ,57          21966       ,84          21967       ,88          21968       ,75          21969       ,89          21970       ,66          21971       ,93          21972       ,78          21973       ,33          21974       ,98          21975       ,57          21976       ,14          21977       ,60          21978       ,11          21979       ,96          21980       ,85          21981       ,55          21982       ,12          21983       ,38          21984       ,23          21985       ,26          21986       ,64          21987       ,64          21988       ,52          21989       ,85          21990       ,45          21991       ,49          21992       ,62          21993       ,57          21994       ,68          21995       ,78          21996       ,53          21997       ,32          21998       ,82          21999       ,66          22000       ,45          22001       ,71          22002       ,87          22003       ,60          22004       ,91          22005       ,24          22006       ,96          22007       ,17          22008       ,88          22009       ,80          22010       ,95          22011       ,32          22012       ,22          22013       ,92          22014       ,72          22015       ,16          22016       ,70          22017       ,45          22018       ,99          22019       ,61          22020       ,93          22021       ,30          22022       ,46          22023       ,89          22024       ,54          22025       ,26          22026       ,40          22027       ,30          22028       ,65          22029       ,29          22030       ,13          22031       ,82          22032       ,78          22033       ,45          22034       ,61          22035       ,23          22036       ,67          22037       ,51          22038       ,47          22039       ,98          22040       ,29          22041       ,57          22042       ,76          22043       ,71          22044       ,90          22045       ,23          22046       ,36          22047       ,69          22048       ,84          22049       ,62          22050       ,17          22051       ,18          22052       ,32          22053       ,30          22054       ,73          22055       ,24          22056       ,35          22057       ,98          22058       ,16          22059       ,74          22060       ,83          22061       ,75          22062       ,52          22063       ,69          22064       ,76          22065       ,23          22066       ,54          22067       ,77          22068       ,41          22069       ,59          22070       ,48          22071       ,29          22072       ,97          22073       ,10          22074       ,41          22075       ,45          22076       ,54          22077       ,74          22078       ,99          22079       ,41          22080       ,90          22081       ,71          22082       ,45          22083       ,13          22084       ,21          22085       ,95          22086       ,59          22087       ,58          22088       ,72          22089       ,46          22090       ,88          22091       ,69          22092       ,44          22093       ,73          22094       ,24          22095       ,54          22096       ,15          22097       ,17          22098       ,95          22099       ,77          22100       ,68          22101       ,59          22102       ,38          22103       ,35          22104       ,23          22105       ,88          22106       ,20          22107       ,32          22108       ,88          22109       ,37          22110       ,70          22111       ,60          22112       ,98          22113       ,75          22114       ,83          22115       ,22          22116       ,39          22117       ,48          22118       ,57          22119       ,80          22120       ,63          22121       ,96          22122       ,14          22123       ,94          22124       ,70          22125       ,78          22126       ,84          22127       ,34          22128       ,85          22129       ,87          22130       ,39          22131       ,47          22132       ,79          22133       ,32          22134       ,72          22135       ,40          22136       ,42          22137       ,20          22138       ,89          22139       ,32          22140       ,85          22141       ,37          22142       ,69          22143       ,44          22144       ,76          22145       ,37          22146       ,70          22147       ,68          22148       ,89          22149       ,12          22150       ,25          22151       ,66          22152       ,59          22153       ,24          22154       ,23          22155       ,72          22156       ,54          22157       ,44          22158       ,64          22159       ,44          22160       ,14          22161       ,85          22162       ,46          22163       ,11          22164       ,97          22165       ,33          22166       ,81          22167       ,76          22168       ,13          22169       ,53          22170       ,80          22171       ,29          22172       ,59          22173       ,34          22174       ,94          22175       ,36          22176       ,36          22177       ,70          22178       ,28          22179       ,42          22180       ,17          22181       ,25          22182       ,45          22183       ,83          22184       ,71          22185       ,73          22186       ,87          22187       ,64          22188       ,19          22189       ,99          22190       ,86          22191       ,98          22192       ,55          22193       ,54          22194       ,28          22195       ,10          22196       ,90          22197       ,67          22198       ,46          22199       ,52          22200       ,56          22201       ,94          22202       ,65          22203       ,46          22204       ,32          22205       ,95          22206       ,17          22207       ,34          22208       ,29          22209       ,86          22210       ,45          22211       ,84          22212       ,25          22213       ,31          22214       ,36          22215       ,88          22216       ,49          22217       ,62          22218       ,39          22219       ,34          22220       ,45          22221       ,26          22222       ,67          22223       ,14          22224       ,66          22225       ,81          22226       ,73          22227       ,14          22228       ,15          22229       ,94          22230       ,45          22231       ,69          22232       ,33          22233       ,75          22234       ,86          22235       ,23          22236       ,60          22237       ,99          22238       ,61          22239       ,76          22240       ,65          22241       ,62          22242       ,44          22243       ,32          22244       ,63          22245       ,11          22246       ,83          22247       ,33          22248       ,27          22249       ,40          22250       ,60          22251       ,37          22252       ,37          22253       ,22          22254       ,16          22255       ,39          22256       ,37          22257       ,61          22258       ,79          22259       ,50          22260       ,31          22261       ,12          22262       ,28          22263       ,35          22264       ,50          22265       ,76          22266       ,61          22267       ,49          22268       ,45          22269       ,23          22270       ,38          22271       ,50          22272       ,11          22273       ,63          22274       ,68          22275       ,82          22276       ,82          22277       ,44          22278       ,50          22279       ,65          22280       ,98          22281       ,50          22282       ,86          22283       ,75          22284       ,44          22285       ,18          22286       ,41          22287       ,21          22288       ,68          22289       ,56          22290       ,86          22291       ,99          22292       ,30          22293       ,20          22294       ,54          22295       ,63          22296       ,43          22297       ,19          22298       ,81          22299       ,87          22300       ,50          22301       ,43          22302       ,87          22303       ,14          22304       ,12          22305       ,20          22306       ,36          22307       ,74          22308       ,53          22309       ,34          22310       ,57          22311       ,92          22312       ,20          22313       ,23          22314       ,52          22315       ,81          22316       ,25          22317       ,53          22318       ,91          22319       ,42          22320       ,44          22321       ,50          22322       ,80          22323       ,88          22324       ,37          22325       ,39          22326       ,29          22327       ,90          22328       ,19          22329       ,15          22330       ,48          22331       ,72          22332       ,63          22333       ,63          22334       ,24          22335       ,64          22336       ,62          22337       ,82          22338       ,73          22339       ,33          22340       ,81          22341       ,67          22342       ,67          22343       ,44          22344       ,99          22345       ,94          22346       ,88          22347       ,16          22348       ,68          22349       ,72          22350       ,47          22351       ,90          22352       ,28          22353       ,48          22354       ,52          22355       ,10          22356       ,62          22357       ,98          22358       ,77          22359       ,73          22360       ,90          22361       ,45          22362       ,64          22363       ,47          22364       ,85          22365       ,84          22366       ,38          22367       ,56          22368       ,99          22369       ,87          22370       ,28          22371       ,43          22372       ,80          22373       ,67          22374       ,60          22375       ,77          22376       ,82          22377       ,45          22378       ,89          22379       ,42          22380       ,50          22381       ,23          22382       ,32          22383       ,46          22384       ,68          22385       ,58          22386       ,54          22387       ,24          22388       ,21          22389       ,24          22390       ,12          22391       ,63          22392       ,14          22393       ,99          22394       ,43          22395       ,46          22396       ,13          22397       ,30          22398       ,59          22399       ,24          22400       ,65          22401       ,41          22402       ,17          22403       ,80          22404       ,54          22405       ,13          22406       ,19          22407       ,60          22408       ,88          22409       ,75          22410       ,27          22411       ,26          22412       ,19          22413       ,44          22414       ,32          22415       ,76          22416       ,22          22417       ,27          22418       ,79          22419       ,36          22420       ,39          22421       ,24          22422       ,45          22423       ,84          22424       ,85          22425       ,64          22426       ,38          22427       ,80          22428       ,33          22429       ,24          22430       ,73          22431       ,62          22432       ,86          22433       ,74          22434       ,77          22435       ,18          22436       ,16          22437       ,52          22438       ,92          22439       ,64          22440       ,48          22441       ,94          22442       ,36          22443       ,45          22444       ,96          22445       ,85          22446       ,54          22447       ,70          22448       ,77          22449       ,67          22450       ,33          22451       ,85          22452       ,50          22453       ,32          22454       ,84          22455       ,51          22456       ,95          22457       ,32          22458       ,95          22459       ,90          22460       ,75          22461       ,39          22462       ,37          22463       ,73          22464       ,11          22465       ,65          22466       ,40          22467       ,44          22468       ,67          22469       ,23          22470       ,70          22471       ,70          22472       ,35          22473       ,24          22474       ,88          22475       ,45          22476       ,87          22477       ,99          22478       ,88          22479       ,99          22480       ,19          22481       ,68          22482       ,13          22483       ,66          22484       ,90          22485       ,88          22486       ,21          22487       ,63          22488       ,89          22489       ,35          22490       ,23          22491       ,84          22492       ,57          22493       ,11          22494       ,89          22495       ,19          22496       ,66          22497       ,62          22498       ,44          22499       ,41          22500       ,55          22501       ,20          22502       ,13          22503       ,63          22504       ,97          22505       ,63          22506       ,59          22507       ,36          22508       ,44          22509       ,49          22510       ,63          22511       ,95          22512       ,44          22513       ,95          22514       ,80          22515       ,17          22516       ,35          22517       ,70          22518       ,83          22519       ,23          22520       ,53          22521       ,76          22522       ,54          22523       ,41          22524       ,10          22525       ,85          22526       ,23          22527       ,33          22528       ,34          22529       ,78          22530       ,79          22531       ,35          22532       ,65          22533       ,56          22534       ,54          22535       ,99          22536       ,65          22537       ,49          22538       ,69          22539       ,37          22540       ,38          22541       ,85          22542       ,29          22543       ,50          22544       ,72          22545       ,27          22546       ,50          22547       ,61          22548       ,31          22549       ,82          22550       ,83          22551       ,95          22552       ,79          22553       ,30          22554       ,87          22555       ,78          22556       ,65          22557       ,71          22558       ,63          22559       ,21          22560       ,50          22561       ,36          22562       ,11          22563       ,65          22564       ,70          22565       ,37          22566       ,40          22567       ,87          22568       ,51          22569       ,80          22570       ,51          22571       ,85          22572       ,11          22573       ,56          22574       ,85          22575       ,68          22576       ,57          22577       ,13          22578       ,69          22579       ,83          22580       ,45          22581       ,61          22582       ,12          22583       ,52          22584       ,95          22585       ,83          22586       ,56          22587       ,44          22588       ,69          22589       ,76          22590       ,44          22591       ,93          22592       ,86          22593       ,57          22594       ,87          22595       ,12          22596       ,83          22597       ,63          22598       ,80          22599       ,44          22600       ,87          22601       ,63          22602       ,20          22603       ,50          22604       ,40          22605       ,97          22606       ,93          22607       ,32          22608       ,45          22609       ,29          22610       ,30          22611       ,61          22612       ,12          22613       ,79          22614       ,75          22615       ,88          22616       ,33          22617       ,59          22618       ,70          22619       ,86          22620       ,81          22621       ,95          22622       ,27          22623       ,75          22624       ,46          22625       ,58          22626       ,98          22627       ,53          22628       ,68          22629       ,83          22630       ,85          22631       ,94          22632       ,33          22633       ,34          22634       ,96          22635       ,82          22636       ,51          22637       ,61          22638       ,21          22639       ,97          22640       ,89          22641       ,33          22642       ,99          22643       ,49          22644       ,55          22645       ,82          22646       ,91          22647       ,17          22648       ,81          22649       ,99          22650       ,78          22651       ,33          22652       ,93          22653       ,93          22654       ,62          22655       ,91          22656       ,45          22657       ,45          22658       ,13          22659       ,82          22660       ,99          22661       ,50          22662       ,64          22663       ,62          22664       ,44          22665       ,35          22666       ,38          22667       ,77          22668       ,83          22669       ,93          22670       ,46          22671       ,72          22672       ,48          22673       ,72          22674       ,97          22675       ,58          22676       ,96          22677       ,78          22678       ,29          22679       ,64          22680       ,67          22681       ,91          22682       ,72          22683       ,69          22684       ,14          22685       ,61          22686       ,11          22687       ,40          22688       ,71          22689       ,14          22690       ,47          22691       ,16          22692       ,57          22693       ,39          22694       ,98          22695       ,49          22696       ,69          22697       ,46          22698       ,15          22699       ,29          22700       ,54          22701       ,23          22702       ,33          22703       ,88          22704       ,62          22705       ,15          22706       ,85          22707       ,30          22708       ,95          22709       ,14          22710       ,95          22711       ,67          22712       ,25          22713       ,49          22714       ,24          22715       ,17          22716       ,77          22717       ,94          22718       ,57          22719       ,82          22720       ,34          22721       ,97          22722       ,16          22723       ,78          22724       ,56          22725       ,39          22726       ,24          22727       ,19          22728       ,74          22729       ,58          22730       ,88          22731       ,59          22732       ,72          22733       ,99          22734       ,19          22735       ,54          22736       ,67          22737       ,83          22738       ,17          22739       ,99          22740       ,76          22741       ,80          22742       ,44          22743       ,66          22744       ,19          22745       ,80          22746       ,90          22747       ,17          22748       ,24          22749       ,90          22750       ,71          