Name: 
Очень важное измерение
-----------------------------------------
Description:
Hello world
-----------------------------------------

Measure:
Time, сек | Cont
-----------------------------------------
                77       | 9378       | 3798       | 3815       | 489       | 1016       | 9936       | 9942       | 2976       | 3611       | 422       | 9816       | 3570       | 9969       | 3620       | 241       | 4691       | 6959       | 9762       | 3066       | 1178       | 840       | 0