Name: 
2323213213
-----------------------------------------
Description:
erwerwerwer
rw
re
wre

-----------------------------------------
Measure:
Wave, нм    | Amperage, Am  
-----------------------------------------10          |72          20          |60          30          |26          40          |75          50          |62          60          |71          70          |22          80          |42          90          |94          100         |45          110         |15          120         |85          130         |11          140         |52          150         |65          160         |46          170         |94          180         |16          190         |34          200         |22          210         |25          220         |76          230         |76          240         |67          250         |12          260         |61          270         |35          280         |55          290         |66          300         |20          0           |0           