Name: 
в
-----------------------------------------
Date: 28.04.2022 22-59-12 
-----------------------------------------
MeasureType: Amperage
-----------------------------------------
MeasureSubType: Range
-----------------------------------------
Description:

-----------------------------------------
Measure:
Wave, нм    ,Amperage
нм            у.е  
-----------------------------------------20000       ,58          20001       ,79          20002       ,84          20002       ,43          20003       ,33          20004       ,10          20005       ,82          20006       ,36          20007       ,91          20008       ,44          20009       ,28          20010       ,47          20011       ,81          20012       ,34          20013       ,22          20014       ,30          20015       ,48          20016       ,86          20017       ,99          20018       ,57          20019       ,74          20020       ,29          20021       ,76          20022       ,75          20023       ,58          20024       ,57          20025       ,99          20026       ,67          20027       ,67          20028       ,34          20029       ,21          20030       ,59          20031       ,51          20032       ,41          20033       ,73          20034       ,51          20035       ,52          20036       ,47          20037       ,22          20038       ,11          20039       ,17          20040       ,39          20041       ,98          20042       ,43          20043       ,92          20044       ,98          20045       ,73          20046       ,12          20047       ,43          20048       ,81          20049       ,20          20050       ,75          20051       ,85          20052       ,50          20053       ,36          20054       ,38          20055       ,13          20056       ,18          20057       ,85          20058       ,75          20059       ,11          20060       ,25          20061       ,68          20062       ,67          20063       ,33          20064       ,68          20065       ,96          20066       ,49          20067       ,60          20068       ,70          20069       ,78          20070       ,11          20071       ,73          20072       ,98          20073       ,50          20074       ,45          20075       ,30          20076       ,42          20077       ,83          20078       ,59          20079       ,84          20080       ,96          20081       ,34          20082       ,85          20083       ,23          20084       ,45          20085       ,74          20086       ,11          20087       ,15          20088       ,45          20089       ,48          20090       ,44          20091       ,62          20092       ,46          20093       ,99          20094       ,92          20095       ,70          20096       ,41          20097       ,20          20098       ,33          20099       ,12          20100       ,34          20101       ,51          20102       ,72          20103       ,13          20104       ,19          20105       ,11          20106       ,86          20107       ,99          20108       ,91          20109       ,17          20110       ,71          20111       ,34          20112       ,35          20113       ,91          20114       ,14          20115       ,90          20116       ,82          20117       ,53          20118       ,88          20119       ,94          20120       ,95          20121       ,43          20122       ,25          20123       ,32          20124       ,44          20125       ,48          20126       ,37          20127       ,99          20128       ,57          20129       ,74          20130       ,89          20131       ,31          20132       ,59          20133       ,57          20134       ,60          20135       ,55          20136       ,62          20137       ,82          20138       ,14          20139       ,43          20140       ,87          20141       ,11          20142       ,24          20143       ,37          20144       ,77          20145       ,19          20146       ,37          20147       ,55          20148       ,94          20149       ,11          20150       ,87          20151       ,87          20152       ,32          20153       ,39          20154       ,16          20155       ,90          20156       ,36          20157       ,50          20158       ,68          20159       ,70          20160       ,74          20161       ,87          20162       ,52          20163       ,26          20164       ,27          20165       ,49          20166       ,75          20167       ,77          20168       ,41          20169       ,59          20170       ,38          20171       ,10          20172       ,49          20173       ,54          20174       ,16          20175       ,94          20176       ,29          20177       ,87          20178       ,54          20179       ,35          20180       ,21          20181       ,81          20182       ,14          20183       ,56          20184       ,87          20185       ,11          20186       ,99          20187       ,30          20188       ,51          20189       ,69          20190       ,28          20191       ,21          20192       ,23          20193       ,43          20194       ,68          20195       ,10          20196       ,59          20197       ,97          20198       ,20          20199       ,38          20200       ,43          20201       ,59          20202       ,23          20203       ,45          20204       ,72          20205       ,86          20206       ,48          20207       ,77          20208       ,32          20209       ,22          20210       ,70          20211       ,49          20212       ,95          20213       ,43          20214       ,59          20215       ,92          20216       ,82          20217       ,95          20218       ,38          20219       ,26          20220       ,49          20221       ,55          20222       ,36          20223       ,71          20224       ,40          20225       ,26          20226       ,86          20227       ,15          20228       ,85          20229       ,16          20230       ,44          20231       ,32          20232       ,77          20233       ,26          20234       ,91          20235       ,61          20236       ,68          20237       ,69          20238       ,83          20239       ,10          20240       ,63          20241       ,31          20242       ,97          20243       ,38          20244       ,99          20245       ,79          20246       ,26          20247       ,80          20248       ,84          20249       ,76          20250       ,27          20251       ,63          20252       ,69          20253       ,93          20254       ,88          20255       ,88          20256       ,33          20257       ,51          20258       ,14          20259       ,55          20260       ,10          20261       ,43          20262       ,92          20263       ,25          20264       ,77          20265       ,48          20266       ,71          20267       ,78          20268       ,51          20269       ,97          20270       ,34          20271       ,23          20272       ,22          20273       ,38          20274       ,62          20275       ,27          20276       ,57          20277       ,98          20278       ,72          20279       ,61          20280       ,10          20281       ,16          20282       ,30          20283       ,19          20284       ,89          20285       ,81          20286       ,62          20287       ,83          20288       ,37          20289       ,13          20290       ,38          20291       ,26          20292       ,64          20293       ,37          20294       ,10          20295       ,30          20296       ,39          20297       ,82          20298       ,60          20299       ,61          20300       ,17          20301       ,47          20302       ,38          20303       ,86          20304       ,51          20305       ,13          20306       ,51          20307       ,41          20308       ,41          20309       ,70          20310       ,41          20311       ,35          20312       ,79          20313       ,52          20314       ,55          20315       ,93          20316       ,22          20317       ,83          20318       ,35          20319       ,96          20320       ,85          20321       ,88          20322       ,51          20323       ,48          20324       ,69          20325       ,18          20326       ,58          20327       ,84          20328       ,37          20329       ,42          20330       ,88          20331       ,74          20332       ,47          20333       ,20          20334       ,53          20335       ,63          20336       ,77          20337       ,44          20338       ,67          20339       ,85          20340       ,39          20341       ,31          20342       ,52          20343       ,67          20344       ,71          20345       ,13          20346       ,46          20347       ,22          20348       ,82          20349       ,16          20350       ,17          20351       ,55          20352       ,56          20353       ,63          20354       ,76          20355       ,29          20356       ,96          20357       ,90          20358       ,27          20359       ,43          20360       ,55          20361       ,66          20362       ,13          20363       ,98          20364       ,81          20365       ,66          20366       ,87          20367       ,69          20368       ,99          20369       ,91          20370       ,25          20371       ,77          20372       ,25          20373       ,49          20374       ,66          20375       ,63          20376       ,45          20377       ,83          20378       ,76          20379       ,65          20380       ,71          20381       ,46          20382       ,12          20383       ,30          20384       ,34          20385       ,42          20386       ,27          20387       ,83          20388       ,44          20389       ,33          20390       ,67          20391       ,87          20392       ,26          20393       ,33          20394       ,40          20395       ,73          20396       ,28          20397       ,54          20398       ,85          20399       ,15          20400       ,25          20401       ,77          20402       ,22          20403       ,91          20404       ,91          20405       ,39          20406       ,40          20407       ,17          20408       ,97          20409       ,22          20410       ,84          20411       ,22          20412       ,23          20413       ,61          20414       ,72          20415       ,18          20416       ,64          20417       ,83          20418       ,73          20419       ,48          20420       ,48          20421       ,14          20422       ,34          20423       ,75          20424       ,33          20425       ,37          20426       ,61          20427       ,91          20428       ,18          20429       ,93          20430       ,45          20431       ,91          20432       ,98          20433       ,71          20434       ,50          20435       ,94          20436       ,33          20437       ,21          20438       ,39          20439       ,94          20440       ,12          20441       ,20          20442       ,86          20443       ,32          20444       ,49          20445       ,55          20446       ,74          20447       ,64          20448       ,61          20449       ,32          20450       ,18          20451       ,45          20452       ,80          20453       ,46          20454       ,66          20455       ,21          20456       ,52          20457       ,47          20458       ,67          20459       ,63          20460       ,78          20461       ,48          20462       ,98          20463       ,13          20464       ,77          20465       ,92          20466       ,23          20467       ,52          20468       ,21          20469       ,77          20470       ,84          20471       ,53          20472       ,53          20473       ,78          20474       ,46          20475       ,37          20476       ,27          20477       ,12          20478       ,35          20479       ,78          20480       ,63          20481       ,96          20482       ,40          20483       ,86          20484       ,85          20485       ,10          20486       ,20          20487       ,62          20488       ,14          20489       ,39          20490       ,51          20491       ,86          20492       ,54          20493       ,75          20494       ,26          20495       ,64          20496       ,22          20497       ,83          20498       ,54          20499       ,57          20500       ,41          20501       ,31          20502       ,53          20503       ,83          20504       ,47          20505       ,65          20506       ,91          20507       ,12          20508       ,10          20509       ,39          20510       ,93          20511       ,50          20512       ,22          20513       ,88          20514       ,99          20515       ,82          20516       ,18          20517       ,21          20518       ,28          20519       ,77          20520       ,81          20521       ,61          20522       ,48          20523       ,82          20524       ,36          20525       ,98          20526       ,99          20527       ,77          20528       ,62          20529       ,81          20530       ,24          20531       ,44          20532       ,57          20533       ,78          20534       ,46          20535       ,41          20536       ,52          20537       ,56          20538       ,48          20539       ,29          20540       ,18          20541       ,18          20542       ,62          20543       ,74          20544       ,45          20545       ,11          20546       ,73          20547       ,65          20548       ,76          20549       ,44          20550       ,56          20551       ,10          20552       ,64          20553       ,77          20554       ,75          20555       ,80          20556       ,83          20557       ,71          20558       ,57          20559       ,48          20560       ,65          20561       ,23          20562       ,50          20563       ,28          20564       ,24          20565       ,59          20566       ,93          20567       ,44          20568       ,51          20569       ,67          20570       ,39          20571       ,61          20572       ,73          20573       ,98          20574       ,68          20575       ,73          20576       ,99          20577       ,73          20578       ,47          20579       ,34          20580       ,34          20581       ,43          20582       ,11          20583       ,28          20584       ,35          20585       ,23          20586       ,79          20587       ,79          20588       ,12          20589       ,66          20590       ,58          20591       ,80          20592       ,98          20593       ,99          20594       ,64          20595       ,94          20596       ,68          20597       ,43          20598       ,60          20599       ,85          20600       ,18          20601       ,39          20602       ,24          20603       ,18          20604       ,14          20605       ,94          20606       ,37          20607       ,66          20608       ,19          20609       ,11          20610       ,81          20611       ,19          20612       ,34          20613       ,33          20614       ,23          20615       ,32          20616       ,22          20617       ,32          20618       ,92          20619       ,10          20620       ,80          20621       ,23          20622       ,41          20623       ,84          20624       ,19          20625       ,58          20626       ,63          20627       ,73          20628       ,44          20629       ,73          20630       ,15          20631       ,65          20632       ,22          20633       ,61          20634       ,26          20635       ,95          20636       ,29          20637       ,93          20638       ,23          20639       ,40          20640       ,85          20641       ,22          20642       ,70          20643       ,10          20644       ,85          20645       ,48          20646       ,56          20647       ,75          20648       ,86          20649       ,41          20650       ,82          20651       ,45          20652       ,51          20653       ,60          20654       ,14          20655       ,94          20656       ,98          20657       ,39          20658       ,99          20659       ,55          20660       ,41          20661       ,64          20662       ,31          20663       ,45          20664       ,96          20665       ,25          20666       ,97          20667       ,72          20668       ,16          20669       ,28          20670       ,12          20671       ,28          20672       ,18          20673       ,61          20674       ,24          20675       ,67          20676       ,53          20677       ,40          20678       ,99          20679       ,70          20680       ,12          20681       ,87          20682       ,87          20683       ,12          20684       ,91          20685       ,69          20686       ,24          20687       ,62          20688       ,56          20689       ,32          20690       ,96          20691       ,89          20692       ,94          20693       ,68          20694       ,99          20695       ,31          20696       ,90          20697       ,35          20698       ,14          20699       ,69          20700       ,51          20701       ,83          20702       ,69          20703       ,67          20704       ,38          20705       ,63          20706       ,37          20707       ,89          20708       ,45          20709       ,47          20710       ,51          20711       ,67          20712       ,39          20713       ,38          20714       ,52          20715       ,53          20716       ,77          20717       ,29          20718       ,54          20719       ,36          20720       ,11          20721       ,44          20722       ,25          20723       ,83          20724       ,31          20725       ,22          20726       ,34          20727       ,49          20728       ,62          20729       ,93          20730       ,76          20731       ,28          20732       ,35          20733       ,40          20734       ,28          20735       ,28          20736       ,28          20737       ,29          20738       ,73          20739       ,37          20740       ,42          20741       ,35          20742       ,26          20743       ,19          20744       ,81          20745       ,39          20746       ,60          20747       ,65          20748       ,25          20749       ,55          20750       ,53          20751       ,71          20752       ,80          20753       ,78          20754       ,68          20755       ,17          20756       ,67          20757       ,85          20758       ,45          20759       ,26          20760       ,38          20761       ,87          20762       ,36          20763       ,52          20764       ,71          20765       ,33          20766       ,41          20767       ,99          20768       ,20          20769       ,33          20770       ,35          20771       ,57          20772       ,55          20773       ,27          20774       ,94          20775       ,76          20776       ,28          20777       ,16          20778       ,12          20779       ,92          20780       ,62          20781       ,69          20782       ,34          20783       ,17          20784       ,49          20785       ,14          20786       ,47          20787       ,57          20788       ,71          20789       ,21          20790       ,61          20791       ,42          20792       ,83          20793       ,57          20794       ,98          20795       ,54          20796       ,98          20797       ,73          20798       ,48          20799       ,58          20800       ,97          20801       ,60          20802       ,54          20803       ,91          20804       ,29          20805       ,95          20806       ,25          20807       ,63          20808       ,83          20809       ,91          20810       ,88          20811       ,60          20812       ,83          20813       ,53          20814       ,63          20815       ,69          20816       ,63          20817       ,29          20818       ,12          20819       ,66          20820       ,85          20821       ,84          20822       ,37          20823       ,99          20824       ,72          20825       ,92          20826       ,74          20827       ,98          20828       ,28          20829       ,50          20830       ,77          20831       ,54          20832       ,68          20833       ,54          20834       ,95          20835       ,12          20836       ,24          20837       ,42          20838       ,87          20839       ,54          20840       ,89          20841       ,83          20842       ,74          20843       ,80          20844       ,32          20845       ,10          20846       ,59          20847       ,40          20848       ,94          20849       ,39          20850       ,91          20851       ,79          20852       ,70          20853       ,82          20854       ,72          20855       ,22          20856       ,32          20857       ,55          20858       ,28          20859       ,36          20860       ,31          20861       ,27          20862       ,44          20863       ,43          20864       ,23          20865       ,44          20866       ,92          20867       ,38          20868       ,58          20869       ,61          20870       ,54          20871       ,30          20872       ,41          20873       ,58          20874       ,76          20875       ,11          20876       ,20          20877       ,57          20878       ,76          20879       ,72          20880       ,43          20881       ,43          20882       ,14          20883       ,89          20884       ,59          20885       ,98          20886       ,83          20887       ,86          20888       ,81          20889       ,82          20890       ,79          20891       ,69          20892       ,23          20893       ,60          20894       ,32          20895       ,71          20896       ,48          20897       ,40          20898       ,66          20899       ,87          20900       ,17          20901       ,30          20902       ,82          20903       ,43          20904       ,84          20905       ,70          20906       ,47          20907       ,22          20908       ,15          20909       ,70          20910       ,12          20911       ,74          20912       ,78          20913       ,56          20914       ,93          20915       ,88          20916       ,23          20917       ,55          20918       ,84          20919       ,25          20920       ,60          20921       ,16          20922       ,57          20923       ,75          20924       ,81          20925       ,85          20926       ,16          20927       ,81          20928       ,35          20929       ,15          20930       ,62          20931       ,79          20932       ,91          20933       ,89          20934       ,64          20935       ,22          20936       ,60          20937       ,70          20938       ,14          20939       ,88          20940       ,61          20941       ,71          20942       ,81          20943       ,20          20944       ,79          20945       ,14          20946       ,90          20947       ,67          20948       ,67          20949       ,44          20950       ,58          20951       ,93          20952       ,56          20953       ,50          20954       ,36          20955       ,11          20956       ,73          20957       ,16          20958       ,61          20959       ,99          20960       ,64          20961       ,66          20962       ,86          20963       ,99          20964       ,18          20965       ,33          20966       ,83          20967       ,89          20968       ,92          20969       ,80          20970       ,37          20971       ,52          20972       ,50          20973       ,96          20974       ,64          20975       ,89          20976       ,35          20977       ,46          20978       ,96          20979       ,76          20980       ,94          20981       ,49          20982       ,24          20983       ,90          20984       ,57          20985       ,69          20986       ,32          20987       ,50          20988       ,62          20989       ,62          20990       ,49          20991       ,53          20992       ,18          20993       ,15          20994       ,33          20995       ,94          20996       ,84          20997       ,81          20998       ,12          20999       ,55          21000       ,31          21001       ,10          21002       ,74          21003       ,86          21004       ,17          21005       ,15          21006       ,52          21007       ,60          21008       ,86          21009       ,47          21010       ,76          21011       ,37          21012       ,20          21013       ,85          21014       ,14          21015       ,25          21016       ,52          21017       ,95          21018       ,52          21019       ,48          21020       ,11          21021       ,42          21022       ,37          21023       ,40          21024       ,41          21025       ,83          21026       ,43          21027       ,45          21028       ,72          21029       ,69          21030       ,14          21031       ,53          21032       ,43          21033       ,50          21034       ,54          21035       ,93          21036       ,74          21037       ,37          21038       ,83          21039       ,51          21040       ,26          21041       ,72          21042       ,63          21043       ,24          21044       ,85          21045       ,22          21046       ,43          21047       ,33          21048       ,10          21049       ,17          21050       ,52          21051       ,88          21052       ,38          21053       ,64          21054       ,54          21055       ,89          21056       ,73          21057       ,44          21058       ,54          21059       ,33          21060       ,72          21061       ,17          21062       ,87          21063       ,27          21064       ,42          21065       ,33          21066       ,93          21067       ,70          21068       ,41          21069       ,20          21070       ,51          21071       ,24          21072       ,22          21073       ,11          21074       ,32          21075       ,39          21076       ,78          21077       ,22          21078       ,54          21079       ,29          21080       ,50          21081       ,20          21082       ,44          21083       ,64          21084       ,26          21085       ,25          21086       ,25          21087       ,79          21088       ,95          21089       ,65          21090       ,30          21091       ,40          21092       ,83          21093       ,59          21094       ,79          21095       ,18          21096       ,84          21097       ,46          21098       ,82          21099       ,62          21100       ,28          21101       ,73          21102       ,92          21103       ,90          21104       ,66          21105       ,38          21106       ,76          21107       ,36          21108       ,42          21109       ,25          21110       ,20          21111       ,61          21112       ,89          21113       ,35          21114       ,83          21115       ,61          21116       ,73          21117       ,32          21118       ,10          21119       ,26          21120       ,17          21121       ,23          21122       ,74          21123       ,76          21124       ,90          21125       ,21          21126       ,41          21127       ,63          21128       ,32          21129       ,23          21130       ,54          21131       ,42          21132       ,39          21133       ,92          21134       ,10          21135       ,76          21136       ,28          21137       ,54          21138       ,97          21139       ,88          21140       ,49          21141       ,88          21142       ,47          21143       ,80          21144       ,54          21145       ,68          21146       ,50          21147       ,57          21148       ,75          21149       ,27          21150       ,45          21151       ,61          21152       ,45          21153       ,65          21154       ,55          21155       ,15          21156       ,99          21157       ,26          21158       ,99          21159       ,55          21160       ,97          21161       ,23          21162       ,14          21163       ,28          21164       ,70          21165       ,78          21166       ,31          21167       ,97          21168       ,34          21169       ,17          21170       ,43          21171       ,29          21172       ,35          21173       ,22          21174       ,77          21175       ,28          21176       ,76          21177       ,93          21178       ,31          21179       ,32          21180       ,70          21181       ,83          21182       ,87          21183       ,14          21184       ,77          21185       ,93          21186       ,96          21187       ,74          21188       ,46          21189       ,95          21190       ,77          21191       ,12          21192       ,54          21193       ,51          21194       ,91          21195       ,35          21196       ,84          21197       ,28          21198       ,19          21199       ,76          21200       ,47          21201       ,52          21202       ,33          21203       ,68          21204       ,84          21205       ,26          21206       ,36          21207       ,33          21208       ,88          21209       ,36          21210       ,38          21211       ,15          21212       ,94          21213       ,77          21214       ,85          21215       ,24          21216       ,35          21217       ,99          21218       ,51          21219       ,76          21220       ,81          21221       ,57          21222       ,60          21223       ,39          21224       ,39          21225       ,41          21226       ,74          21227       ,83          21228       ,30          21229       ,51          21230       ,44          21231       ,57          21232       ,83          21233       ,54          21234       ,84          21235       ,28          21236       ,60          21237       ,29          21238       ,30          21239       ,61          21240       ,67          21241       ,73          21242       ,86          21243       ,20          21244       ,66          21245       ,72          21246       ,17          21247       ,77          21248       ,66          21249       ,77          21250       ,10          21251       ,85          21252       ,77          21253       ,42          21254       ,95          21255       ,90          21256       ,91          21257       ,93          21258       ,39          21259       ,52          21260       ,51          21261       ,52          21262       ,12          21263       ,46          21264       ,91          21265       ,81          21266       ,31          21267       ,49          21268       ,92          21269       ,66          21270       ,64          21271       ,16          21272       ,78          21273       ,89          21274       ,19          21275       ,17          21276       ,70          21277       ,50          21278       ,73          21279       ,66          21280       ,33          21281       ,97          21282       ,26          21283       ,53          21284       ,51          21285       ,59          21286       ,80          21287       ,51          21288       ,59          21289       ,94          21290       ,37          21291       ,66          21292       ,90          21293       ,78          21294       ,20          21295       ,24          21296       ,70          21297       ,49          21298       ,28          21299       ,85          21300       ,51          21301       ,67          21302       ,85          21303       ,10          21304       ,23          21305       ,93          21306       ,16          21307       ,87          21308       ,33          21309       ,87          21310       ,29          21311       ,51          21312       ,30          21313       ,72          21314       ,29          21315       ,54          21316       ,36          21317       ,59          21318       ,95          21319       ,42          21320       ,11          21321       ,80          21322       ,90          21323       ,97          21324       ,39          21325       ,97          21326       ,26          21327       ,10          21328       ,79          21329       ,95          21330       ,46          21331       ,30          21332       ,31          21333       ,88          21334       ,25          21335       ,65          21336       ,22          21337       ,25          21338       ,40          21339       ,57          21340       ,52          21341       ,92          21342       ,27          21343       ,71          21344       ,75          21345       ,86          21346       ,46          21347       ,27          21348       ,58          21349       ,65          21350       ,87          21351       ,21          21352       ,54          21353       ,85          21354       ,83          21355       ,71          21356       ,77          21357       ,87          21358       ,71          21359       ,25          21360       ,77          21361       ,16          21362       ,18          21363       ,38          21364       ,50          21365       ,98          21366       ,29          21367       ,41          21368       ,56          21369       ,63          21370       ,42          21371       ,20          21372       ,29          21373       ,47          21374       ,90          21375       ,18          21376       ,62          21377       ,28          21378       ,32          21379       ,52          21380       ,61          21381       ,98          21382       ,51          21383       ,23          21384       ,17          21385       ,35          21386       ,76          21387       ,45          21388       ,14          21389       ,54          21390       ,88          21391       ,34          21392       ,54          21393       ,24          21394       ,80          21395       ,45          21396       ,83          21397       ,89          21398       ,31          21399       ,76          21400       ,66          21401       ,14          21402       ,70          21403       ,95          21404       ,33          21405       ,76          21406       ,92          21407       ,17          21408       ,95          21409       ,75          21410       ,18          21411       ,58          21412       ,65          21413       ,28          21414       ,64          21415       ,78          21416       ,65          21417       ,95          21418       ,30          21419       ,25          21420       ,32          21421       ,84          21422       ,37          21423       ,12          21424       ,74          21425       ,17          21426       ,66          21427       ,14          21428       ,67          21429       ,54          21430       ,35          21431       ,72          21432       ,97          21433       ,55          21434       ,86          21435       ,56          21436       ,37          21437       ,55          21438       ,89          21439       ,40          21440       ,43          21441       ,68          21442       ,49          21443       ,39          21444       ,45          21445       ,39          21446       ,69          21447       ,35          21448       ,59          21449       ,11          21450       ,80          21451       ,88          21452       ,68          21453       ,16          21454       ,53          21455       ,82          21456       ,76          21457       ,68          21458       ,30          21459       ,25          21460       ,20          21461       ,87          21462       ,49          21463       ,51          21464       ,49          21465       ,46          21466       ,61          21467       ,19          21468       ,41          21469       ,18          21470       ,50          21471       ,19          21472       ,15          21473       ,90          21474       ,82          21475       ,63          21476       ,44          21477       ,98          21478       ,67          21479       ,44          21480       ,48          21481       ,40          21482       ,55          21483       ,65          21484       ,73          21485       ,46          21486       ,13          21487       ,91          21488       ,11          21489       ,14          21490       ,79          21491       ,69          21492       ,35          21493       ,73          21494       ,30          21495       ,55          21496       ,29          21497       ,98          21498       ,89          21499       ,99          21500       ,78          21501       ,59          21502       ,93          21503       ,51          21504       ,60          21505       ,71          21506       ,82          21507       ,78          21508       ,34          21509       ,89          21510       ,47          21511       ,78          21512       ,10          21513       ,85          21514       ,77          21515       ,79          21516       ,41          21517       ,84          21518       ,77          21519       ,12          21520       ,42          21521       ,70          21522       ,17          21523       ,37          21524       ,38          21525       ,81          21526       ,83          21527       ,41          21528       ,70          21529       ,36          21530       ,44          21531       ,45          21532       ,18          21533       ,68          21534       ,66          21535       ,89          21536       ,47          21537       ,14          21538       ,14          21539       ,11          21540       ,64          21541       ,35          21542       ,67          21543       ,22          21544       ,66          21545       ,11          21546       ,69          21547       ,49          21548       ,96          21549       ,50          21550       ,23          21551       ,44          21552       ,31          21553       ,86          21554       ,66          21555       ,17          21556       ,51          21557       ,66          21558       ,22          21559       ,79          21560       ,87          21561       ,50          21562       ,18          21563       ,97          21564       ,55          21565       ,12          21566       ,69          21567       ,42          21568       ,29          21569       ,87          21570       ,42          21571       ,37          21572       ,79          21573       ,75          21574       ,48          21575       ,17          21576       ,13          21577       ,95          21578       ,71          21579       ,37          21580       ,21          21581       ,44          21582       ,45          21583       ,29          21584       ,22          21585       ,99          21586       ,23          21587       ,32          21588       ,11          21589       ,58          21590       ,47          21591       ,80          21592       ,92          21593       ,35          21594       ,24          21595       ,23          21596       ,26          21597       ,69          21598       ,67          21599       ,63          21600       ,41          21601       ,36          21602       ,29          21603       ,18          21604       ,18          21605       ,86          21606       ,65          21607       ,55          21608       ,47          21609       ,59          21610       ,14          21611       ,56          21612       ,95          21613       ,85          21614       ,67          21615       ,53          21616       ,15          21617       ,88          21618       ,84          21619       ,55          21620       ,88          21621       ,47          21622       ,41          21623       ,70          21624       ,50          21625       ,61          21626       ,45          21627       ,54          21628       ,61          21629       ,35          21630       ,90          21631       ,43          21632       ,38          21633       ,17          21634       ,95          21635       ,85          21636       ,24          21637       ,37          21638       ,21          21639       ,36          21640       ,44          21641       ,67          21642       ,84          21643       ,51          21644       ,53          21645       ,91          21646       ,85          21647       ,16          21648       ,67          21649       ,70          21650       ,18          21651       ,37          21652       ,84          21653       ,21          21654       ,75          21655       ,94          21656       ,95          21657       ,59          21658       ,68          21659       ,56          21660       ,51          21661       ,21          21662       ,94          21663       ,22          21664       ,68          21665       ,70          21666       ,27          21667       ,87          21668       ,89          21669       ,82          21670       ,38          21671       ,77          21672       ,77          21673       ,58          21674       ,20          21675       ,30          21676       ,62          21677       ,89          21678       ,26          21679       ,58          21680       ,76          21681       ,38          21682       ,86          21683       ,90          21684       ,26          21685       ,62          21686       ,59          21687       ,26          21688       ,42          21689       ,10          21690       ,89          21691       ,65          21692       ,68          21693       ,65          21694       ,85          21695       ,33          21696       ,73          21697       ,72          21698       ,82          21699       ,83          21700       ,74          21701       ,97          21702       ,27          21703       ,85          21704       ,41          21705       ,40          21706       ,60          21707       ,36          21708       ,11          21709       ,54          21710       ,42          21711       ,16          21712       ,42          21713       ,19          21714       ,80          21715       ,22          21716       ,34          21717       ,13          21718       ,95          21719       ,15          21720       ,21          21721       ,10          21722       ,55          21723       ,88          21724       ,92          21725       ,73          21726       ,19          21727       ,22          21728       ,73          21729       ,87          21730       ,57          21731       ,90          21732       ,16          21733       ,43          21734       ,84          21735       ,78          21736       ,21          21737       ,11          21738       ,58          21739       ,86          21740       ,12          21741       ,32          21742       ,25          21743       ,88          21744       ,68          21745       ,83          21746       ,33          21747       ,59          21748       ,84          21749       ,72          21750       ,98          21751       ,69          21752       ,76          21753       ,76          21754       ,71          21755       ,73          21756       ,52          21757       ,38          21758       ,92          21759       ,68          21760       ,31          21761       ,47          21762       ,62          21763       ,24          21764       ,96          21765       ,52          21766       ,99          21767       ,98          21768       ,34          21769       ,12          21770       ,11          21771       ,33          21772       ,54          21773       ,19          21774       ,13          21775       ,88          21776       ,85          21777       ,67          21778       ,30          21779       ,18          21780       ,50          21781       ,59          21782       ,37          21783       ,10          21784       ,88          21785       ,87          21786       ,23          21787       ,39          21788       ,72          21789       ,21          21790       ,35          21791       ,83          21792       ,18          21793       ,90          21794       ,65          21795       ,65          21796       ,70          21797       ,11          21798       ,91          21799       ,26          21800       ,84          21801       ,35          21802       ,34          21803       ,82          21804       ,71          21805       ,75          21806       ,25          21807       ,67          21808       ,73          21809       ,82          21810       ,88          21811       ,85          21812       ,17          21813       ,83          21814       ,28          21815       ,71          21816       ,20          21817       ,62          21818       ,36          21819       ,19          21820       ,38          21821       ,69          21822       ,35          21823       ,23          21824       ,76          21825       ,28          21826       ,25          21827       ,64          21828       ,53          21829       ,48          21830       ,28          21831       ,84          21832       ,76          21833       ,14          21834       ,34          21835       ,25          21836       ,35          21837       ,55          21838       ,39          21839       ,22          21840       ,72          21841       ,56          21842       ,66          21843       ,89          21844       ,33          21845       ,50          21846       ,75          21847       ,34          21848       ,71          21849       ,93          21850       ,55          21851       ,18          21852       ,75          21853       ,81          21854       ,87          21855       ,25          21856       ,99          21857       ,20          21858       ,15          21859       ,53          21860       ,59          21861       ,60          21862       ,23          21863       ,35          21864       ,64          21865       ,14          21866       ,18          21867       ,13          21868       ,59          21869       ,13          21870       ,46          21871       ,64          21872       ,32          21873       ,23          21874       ,46          21875       ,82          21876       ,13          21877       ,45          21878       ,90          21879       ,36          21880       ,52          21881       ,90          21882       ,93          21883       ,60          21884       ,93          21885       ,20          21886       ,18          21887       ,94          21888       ,27          21889       ,19          21890       ,25          21891       ,24          21892       ,49          21893       ,86          21894       ,62          21895       ,22          21896       ,42          21897       ,40          21898       ,35          21899       ,28          21900       ,41          21901       ,72          21902       ,75          21903       ,67          21904       ,57          21905       ,90          21906       ,85          21907       ,61          21908       ,44          21909       ,14          21910       ,22          21911       ,63          21912       ,29          21913       ,79          21914       ,10          21915       ,68          21916       ,67          21917       ,63          21918       ,42          21919       ,53          21920       ,95          21921       ,24          21922       ,85          21923       ,49          21924       ,87          21925       ,31          21926       ,24          21927       ,46          21928       ,60          21929       ,34          21930       ,50          21931       ,72          21932       ,20          21933       ,71          21934       ,94          21935       ,80          21936       ,25          21937       ,35          21938       ,13          21939       ,12          21940       ,34          21941       ,57          21942       ,59          21943       ,22          21944       ,97          21945       ,62          21946       ,94          21947       ,70          21948       ,85          21949       ,94          21950       ,55          21951       ,78          21952       ,98          21953       ,82          21954       ,33          21955       ,27          21956       ,86          21957       ,35          21958       ,79          21959       ,35          21960       ,75          21961       ,49          21962       ,11          21963       ,20          21964       ,64          21965       ,49          21966       ,53          21967       ,57          21968       ,84          21969       ,30          21970       ,52          21971       ,41          21972       ,60          21973       ,39          21974       ,28          21975       ,47          21976       ,64          21977       ,73          21978       ,52          21979       ,35          21980       ,37          21981       ,54          21982       ,60          21983       ,66          21984       ,79          21985       ,71          21986       ,74          21987       ,37          21988       ,47          21989       ,77          21990       ,93          21991       ,90          21992       ,55          21993       ,78          21994       ,37          21995       ,85          21996       ,55          21997       ,49          21998       ,57          21999       ,57          22000       ,19          22001       ,46          22002       ,86          22003       ,65          22004       ,51          22005       ,23          22006       ,28          22007       ,68          22008       ,63          22009       ,85          22010       ,62          22011       ,22          22012       ,82          22013       ,54          22014       ,97          22015       ,31          22016       ,89          22017       ,45          22018       ,40          22019       ,93          22020       ,75          22021       ,25          22022       ,19          22023       ,17          22024       ,36          22025       ,62          22026       ,86          22027       ,82          22028       ,12          22029       ,43          22030       ,92          22031       ,25          22032       ,26          22033       ,94          22034       ,26          22035       ,90          22036       ,68          22037       ,94          22038       ,25          22039       ,66          22040       ,53          22041       ,16          22042       ,74          22043       ,62          22044       ,25          22045       ,81          22046       ,17          22047       ,10          22048       ,80          22049       ,15          22050       ,96          22051       ,20          22052       ,19          22053       ,64          22054       ,82          22055       ,93          22056       ,36          22057       ,78          22058       ,39          22059       ,88          22060       ,37          22061       ,45          22062       ,65          22063       ,30          22064       ,93          22065       ,46          22066       ,96          22067       ,88          22068       ,38          22069       ,17          22070       ,62          22071       ,94          22072       ,30          22073       ,73          22074       ,49          22075       ,69          22076       ,51          22077       ,57          22078       ,91          22079       ,55          22080       ,54          22081       ,85          22082       ,12          22083       ,96          22084       ,46          22085       ,82          22086       ,16          22087       ,61          22088       ,22          22089       ,32          22090       ,63          22091       ,89          22092       ,65          22093       ,36          22094       ,39          22095       ,17          22096       ,50          22097       ,53          22098       ,68          22099       ,78          22100       ,84          22101       ,29          22102       ,72          22103       ,72          22104       ,53          22105       ,12          22106       ,90          22107       ,45          22108       ,24          22109       ,23          22110       ,52          22111       ,79          22112       ,87          22113       ,83          22114       ,44          22115       ,52          22116       ,43          22117       ,68          22118       ,83          22119       ,21          22120       ,40          22121       ,44          22122       ,76          22123       ,16          22124       ,54          22125       ,73          22126       ,38          22127       ,93          22128       ,44          22129       ,41          22130       ,28          22131       ,97          22132       ,89          22133       ,23          22134       ,70          22135       ,35          22136       ,22          22137       ,39          22138       ,53          22139       ,44          22140       ,91          22141       ,70          22142       ,46          22143       ,99          22144       ,79          22145       ,84          22146       ,12          22147       ,82          22148       ,92          22149       ,86          22150       ,74          22151       ,81          22152       ,70          22153       ,57          22154       ,48          22155       ,50          22156       ,53          22157       ,65          22158       ,28          22159       ,79          22160       ,73          22161       ,96          22162       ,10          22163       ,83          22164       ,94          22165       ,55          22166       ,89          22167       ,74          22168       ,22          22169       ,19          22170       ,39          22171       ,14          22172       ,25          22173       ,48          22174       ,29          22175       ,69          22176       ,97          22177       ,77          22178       ,36          22179       ,70          22180       ,71          22181       ,56          22182       ,11          22183       ,57          22184       ,67          22185       ,47          22186       ,36          22187       ,42          22188       ,74          22189       ,30          22190       ,81          22191       ,57          22192       ,21          22193       ,74          22194       ,70          22195       ,95          22196       ,70          22197       ,63          22198       ,14          22199       ,34          22200       ,94          22201       ,38          22202       ,69          22203       ,83          22204       ,57          22205       ,70          22206       ,66          22207       ,31          22208       ,37          22209       ,78          22210       ,52          22211       ,75          22212       ,39          22213       ,57          22214       ,18          22215       ,27          22216       ,95          22217       ,52          22218       ,25          22219       ,57          22220       ,28          22221       ,57          22222       ,99          22223       ,91          22224       ,37          22225       ,81          22226       ,92          22227       ,51          22228       ,77          22229       ,34          22230       ,99          22231       ,43          22232       ,72          22233       ,12          22234       ,75          22235       ,43          22236       ,86          22237       ,28          22238       ,99          22239       ,97          22240       ,80          22241       ,15          22242       ,14          22243       ,95          22244       ,78          22245       ,16          22246       ,28          22247       ,63          22248       ,66          22249       ,53          22250       ,99          22251       ,27          22252       ,48          22253       ,57          22254       ,15          22255       ,46          22256       ,38          22257       ,77          22258       ,55          22259       ,75          22260       ,77          22261       ,25          22262       ,53          22263       ,13          22264       ,79          22265       ,18          22266       ,13          22267       ,36          22268       ,81          22269       ,74          22270       ,40          22271       ,77          22272       ,52          22273       ,27          22274       ,76          22275       ,23          22276       ,53          22277       ,13          22278       ,23          22279       ,31          22280       ,63          22281       ,39          22282       ,84          22283       ,34          22284       ,34          22285       ,81          22286       ,95          22287       ,24          22288       ,97          22289       ,39          22290       ,14          22291       ,19          22292       ,72          22293       ,34          22294       ,30          22295       ,65          22296       ,62          22297       ,10          22298       ,26          22299       ,69          22300       ,12          22301       ,91          22302       ,81          22303       ,91          22304       ,23          22305       ,32          22306       ,74          22307       ,30          22308       ,81          22309       ,92          22310       ,93          22311       ,35          22312       ,64          22313       ,34          22314       ,22          22315       ,48          22316       ,40          22317       ,29          22318       ,78          22319       ,97          22320       ,22          22321       ,89          22322       ,39          22323       ,52          22324       ,70          22325       ,30          22326       ,15          22327       ,28          22328       ,97          22329       ,21          22330       ,61          22331       ,52          22332       ,86          22333       ,53          22334       ,28          22335       ,72          22336       ,57          22337       ,93          22338       ,20          22339       ,12          22340       ,16          22341       ,75          22342       ,43          22343       ,14          22344       ,46          22345       ,78          22346       ,55          22347       ,47          22348       ,22          22349       ,81          22350       ,34          22351       ,42          22352       ,32          22353       ,28          22354       ,56          22355       ,23          22356       ,62          22357       ,39          22358       ,30          22359       ,92          22360       ,27          22361       ,56          22362       ,32          22363       ,69          22364       ,41          22365       ,50          22366       ,48          22367       ,20          22368       ,15          22369       ,49          22370       ,90          22371       ,46          22372       ,18          22373       ,76          22374       ,91          22375       ,47          22376       ,55          22377       ,34          22378       ,16          22379       ,91          22380       ,75          22381       ,67          22382       ,16          22383       ,26          22384       ,86          22385       ,28          22386       ,30          22387       ,68          22388       ,96          22389       ,15          22390       ,19          22391       ,28          22392       ,72          22393       ,27          22394       ,85          22395       ,60          22396       ,53          22397       ,73          22398       ,73          22399       ,95          22400       ,40          22401       ,44          22402       ,41          22403       ,72          22404       ,90          22405       ,87          22406       ,33          22407       ,55          22408       ,37          22409       ,19          22410       ,67          22411       ,38          22412       ,32          22413       ,39          22414       ,26          22415       ,59          22416       ,49          22417       ,16          22418       ,82          22419       ,23          22420       ,30          22421       ,80          22422       ,23          22423       ,10          22424       ,40          22425       ,72          22426       ,73          22427       ,90          22428       ,91          22429       ,40          22430       ,94          22431       ,81          22432       ,61          22433       ,20          22434       ,60          22435       ,41          22436       ,35          22437       ,44          22438       ,35          22439       ,99          22440       ,94          22441       ,74          22442       ,41          22443       ,87          22444       ,47          22445       ,81          22446       ,95          22447       ,43          22448       ,11          22449       ,35          22450       ,21          22451       ,46          22452       ,90          22453       ,59          22454       ,75          22455       ,60          22456       ,30          22457       ,41          22458       ,41          22459       ,28          22460       ,23          22461       ,43          22462       ,64          22463       ,97          22464       ,24          22465       ,85          22466       ,76          22467       ,22          22468       ,78          22469       ,85          22470       ,34          22471       ,15          22472       ,80          22473       ,83          22474       ,28          22475       ,55          22476       ,48          22477       ,36          22478       ,62          22479       ,59          22480       ,77          22481       ,40          22482       ,89          22483       ,65          22484       ,29          22485       ,57          22486       ,91          22487       ,11          22488       ,45          22489       ,10          22490       ,20          22491       ,94          22492       ,12          22493       ,16          22494       ,85          22495       ,61          22496       ,19          22497       ,43          22498       ,73          22499       ,62          22500       ,14          22501       ,83          22502       ,64          22503       ,25          22504       ,11          22505       ,15          22506       ,65          22507       ,17          22508       ,40          22509       ,29          22510       ,21          22511       ,94          22512       ,78          22513       ,81          22514       ,51          22515       ,83          22516       ,53          22517       ,99          22518       ,77          22519       ,66          22520       ,94          22521       ,75          22522       ,76          22523       ,77          22524       ,74          22525       ,39          22526       ,12          22527       ,74          22528       ,98          22529       ,67          22530       ,45          22531       ,15          22532       ,63          22533       ,10          22534       ,55          22535       ,93          22536       ,75          22537       ,73          22538       ,64          22539       ,23          22540       ,91          22541       ,83          22542       ,70          22543       ,25          22544       ,89          22545       ,25          22546       ,25          22547       ,31          22548       ,65          22549       ,11          22550       ,17          22551       ,20          22552       ,66          22553       ,16          22554       ,67          22555       ,39          22556       ,16          22557       ,87          22558       ,50          22559       ,71          22560       ,13          22561       ,91          22562       ,18          22563       ,73          22564       ,84          22565       ,16          22566       ,41          22567       ,77          22568       ,36          22569       ,57          22570       ,17          22571       ,79          22572       ,44          22573       ,64          22574       ,75          22575       ,20          22576       ,14          22577       ,61          22578       ,88          22579       ,59          22580       ,23          22581       ,81          22582       ,18          22583       ,96          22584       ,60          22585       ,34          22586       ,49          22587       ,56          22588       ,43          22589       ,25          22590       ,86          22591       ,88          22592       ,33          22593       ,93          22594       ,19          22595       ,10          22596       ,75          22597       ,97          22598       ,40          22599       ,82          22600       ,84          22601       ,48          22602       ,94          22603       ,17          22604       ,93          22605       ,37          22606       ,76          22607       ,11          22608       ,41          22609       ,56          22610       ,35          22611       ,55          22612       ,98          22613       ,91          22614       ,57          22615       ,32          22616       ,83          22617       ,21          22618       ,22          22619       ,59          22620       ,67          22621       ,84          22622       ,44          22623       ,20          22624       ,70          22625       ,29          22626       ,56          22627       ,51          22628       ,55          22629       ,74          22630       ,45          22631       ,16          22632       ,30          22633       ,15          22634       ,74          22635       ,75          22636       ,86          22637       ,10          22638       ,12          22639       ,32          22640       ,58          22641       ,47          22642       ,25          22643       ,86          22644       ,90          22645       ,41          22646       ,89          22647       ,41          22648       ,45          22649       ,86          22650       ,26          22651       ,63          22652       ,84          22653       ,81          22654       ,25          22655       ,99          22656       ,13          22657       ,83          22658       ,47          22659       ,74          22660       ,81          22661       ,35          22662       ,55          22663       ,66          22664       ,20          22665       ,28          22666       ,34          22667       ,92          22668       ,26          22669       ,81          22670       ,45          22671       ,82          22672       ,19          22673       ,90          22674       ,10          22675       ,29          22676       ,68          22677       ,57          22678       ,30          22679       ,38          22680       ,39          22681       ,25          22682       ,15          22683       ,68          22684       ,58          22685       ,82          22686       ,31          22687       ,49          22688       ,89          22689       ,75          22690       ,72          22691       ,13          22692       ,63          22693       ,38          22694       ,51          22695       ,33          22696       ,91          22697       ,59          22698       ,75          22699       ,72          22700       ,17          22701       ,97          22702       ,24          22703       ,63          22704       ,50          22705       ,44          22706       ,53          22707       ,94          22708       ,80          22709       ,96          22710       ,40          22711       ,55          22712       ,63          22713       ,18          22714       ,45          22715       ,65          22716       ,29          22717       ,87          22718       ,18          22719       ,37          22720       ,96          22721       ,85          22722       ,13          22723       ,51          22724       ,19          22725       ,42          22726       ,29          22727       ,80          22728       ,48          22729       ,77          22730       ,37          22731       ,19          22732       ,81          22733       ,57          22734       ,31          22735       ,42          22736       ,10          22737       ,52          22738       ,27          22739       ,23          22740       ,38          22741       ,36          22742       ,68          22743       ,93          22744       ,44          22745       ,26          22746       ,50          22747       ,55          22748       ,93          22749       ,85          22750       ,14          22751       ,14          22752       ,51          22753       ,47          22754       ,75          22755       ,32          22756       ,94          22757       ,73          22758       ,53          22759       ,18          22760       ,24          22761       ,73          22762       ,56          22763       ,13          22764       ,68          22765       ,31          22766       ,73          22767       ,15          22768       ,86          22769       ,12          22770       ,65          22771       ,77          22772       ,69          22773       ,94          22774       ,99          22775       ,70          22776       ,27          22777       ,19          22778       ,16          22779       ,93          22780       ,92          22781       ,73          22782       ,87          22783       ,62          22784       ,72          22785       ,33          22786       ,67          22787       ,44          22788       ,82          22789       ,99          22790       ,48          22791       ,37          22792       ,98          22793       ,19          22794       ,99          22795       ,65          22796       ,80          22797       ,64          22798       ,35          22799       ,23          22800       ,52          22801       ,44          22802       ,68          22803       ,90          22804       ,30          22805       ,36          22806       ,44          22807       ,57          22808       ,48          22809       ,15          22810       ,14          22811       ,84          22812       ,66          22813       ,60          22814       ,26          22815       ,50          22816       ,85          22817       ,93          22818       ,40          22819       ,45          22820       ,63          22821       ,39          22822       ,32          22823       ,87          22824       ,64          22825       ,37          22826       ,79          22827       ,60          22828       ,94          22829       ,43          22830       ,90          22831       ,62          22832       ,84          22833       ,93          22834       ,50          22835       ,57          22836       ,15          22837       ,96          22838       ,42          22839       ,45          22840       ,88          22841       ,20          22842       ,95          22843       ,77          22844       ,94          22845       ,63          22846       ,71          22847       ,47          22848       ,93          22849       ,58          22850       ,79          22851       ,86          22852       ,34          22853       ,89          22854       ,59          22855       ,23          22856       ,22          22857       ,81          22858       ,35          22859       ,92          22860       ,57          22861       ,84          22862       ,62          22863       ,15          22864       ,25          22865       ,52          22866       ,10          22867       ,72          22868       ,20          22869       ,69          22870       ,45          22871       ,89          22872       ,61          22873       ,94          22874       ,57          22875       ,53          22876       ,44          22877       ,55          22878       ,93          22879       ,10          22880       ,66          22881       ,41          22882       ,67          22883       ,46          22884       ,64          22885       ,13          22886       ,38          22887       ,94          22888       ,44          22889       ,37          22890       ,45          22891       ,34          22892       ,70          22893       ,49          22894       ,88          22895       ,13          22896       ,57          22897       ,90          22898       ,62          22899       ,51          22900       ,63          22901       ,98          22902       ,37          22903       ,33          22904       ,22          22905       ,90          22906       ,35          22907       ,39          22908       ,42          22909       ,15          22910       ,78          22911       ,66          22912       ,87          22913       ,35          22914       ,36          22915       ,26          22916       ,27          22917       ,25          22918       ,51          22919       ,21          22920       ,24          22921       ,15          22922       ,38          22923       ,82          22924       ,34          22925       ,21          22926       ,28          22927       ,21          22928       ,16          22929       ,53          22930       ,95          22931       ,54          22932       ,93          22933       ,51          22934       ,47          22935       ,67          22936       ,13          22937       ,43          22938       ,33          22939       ,73          22940       ,77          22941       ,98          22942       ,62          22943       ,38          22944       ,58          22945       ,78          22946       ,46          22947       ,45          22948       ,22          22949       ,71          22950       ,85          22951       ,42          22952       ,49          22953       ,50          22954       ,37          22955       ,57          22956       ,70          22957       ,54          22958       ,99          22959       ,11          22960       ,72          22961       ,24          22962       ,33          22963       ,88          22964       ,19          22965       ,34          22966       ,73          22967       ,46          22968       ,87          22969       ,69          22970       ,22          22971       ,84          22972       ,91          22973       ,77          22974       ,44          22975       ,26          22976       ,53          22977       ,99          22978       ,34          22979       ,55          22980       ,75          22981       ,82          22982       ,98          22983       ,44          22984       ,68          22985       ,63          22986       ,15          22987       ,53          22988       ,23          22989       ,90          22990       ,97          22991       ,59          22992       ,43          22993       ,32          22994       ,11          22995       ,63          22996       ,75          22997       ,73          22998       ,29          22999       ,33          23000       ,15          23001       ,99          23002       ,58          23003       ,53          23004       ,59          23005       ,11          23006       ,50          23007       ,71          23008       ,16          23009       ,21          23010       ,14          23011       ,70          23012       ,30          23013       ,54          23014       ,36          23015       ,90          23016       ,25          23017       ,88          23018       ,30          23019       ,56          23020       ,29          23021       ,29          23022       ,32          23023       ,97          23024       ,71          23025       ,63          23026       ,50          23027       ,69          23028       ,76          23029       ,80          23030       ,51          23031       ,79          23032       ,80          23033       ,10          23034       ,49          23035       ,75          23036       ,33          23037       ,54          23038       ,85          23039       ,67          23040       ,23          23041       ,43          23042       ,46          23043       ,12          23044       ,85          23045       ,36          23046       ,38          23047       ,88          23048       ,95          23049       ,20          23050       ,47          23051       ,86          23052       ,53          23053       ,72          23054       ,13          23055       ,85          23056       ,76          23057       ,61          23058       ,82          23059       ,96          23060       ,60          23061       ,80          23062       ,94          23063       ,35          23064       ,70          23065       ,34          23066       ,90          23067       ,29          23068       ,14          23069       ,60          23070       ,66          23071       ,71          23072       ,13          23073       ,63          23074       ,42          23075       ,86          23076       ,82          23077       ,29          23078       ,21          23079       ,44          23080       ,34          23081       ,61          23082       ,73          23083       ,65          23084       ,42          23085       ,64          23086       ,35          23087       ,17          23088       ,96          23089       ,63          23090       ,98          23091       ,72          23092       ,72          23093       ,89          23094       ,16          23095       ,42          23096       ,48          23097       ,21          23098       ,42          23099       ,60          23100       ,46          23101       ,18          23102       ,84          23103       ,44          23104       ,54          23105       ,76          23106       ,82          23107       ,90          23108       ,39          23109       ,27          23110       ,12          23111       ,56          23112       ,49          23113       ,47          23114       ,71          23115       ,98          23116       ,16          23117       ,38          23118       ,92          23119       ,15          23120       ,99          23121       ,82          23122       ,32          23123       ,50          23124       ,62          23125       ,94          23126       ,99          23127       ,24          23128       ,56          23129       ,10          23130       ,47          23131       ,71          23132       ,87          23133       ,60          23134       ,97          23135       ,26          23136       ,77          23137       ,39          23138       ,21          23139       ,66          23140       ,82          23141       ,44          23142       ,77          23143       ,79          23144       ,61          23145       ,51          23146       ,32          23147       ,34          23148       ,28          23149       ,18          23150       ,36          23151       ,19          23152       ,28          23153       ,37          23154       ,61          23155       ,64          23156       ,85          23157       ,43          23158       ,82          23159       ,59          23160       ,77          23161       ,68          23162       ,44          23163       ,39          23164       ,80          23165       ,41          23166       ,69          23167       ,88          23168       ,49          23169       ,54          23170       ,30          23171       ,77          23172       ,27          23173       ,36          23174       ,33          23175       ,64          23176       ,14          23177       ,53          23178       ,89          23179       ,20          23180       ,71          23181       ,74          23182       ,96          23183       ,47          23184       ,73          23185       ,37          23186       ,52          23187       ,60          23188       ,99          23189       ,43          23190       ,40          23191       ,44          23192       ,56          23193       ,61          23194       ,88          23195       ,23          23196       ,10          23197       ,48          23198       ,99          23199       ,29          23200       ,82          23201       ,44          23202       ,84          23203       ,73          23204       ,87          23205       ,58          23206       ,92          23207       ,92          23208       ,13          23209       ,97          23210       ,59          23211       ,42          23212       ,53          23213       ,71          23214       ,88          23215       ,13          23216       ,72          23217       ,96          23218       ,65          23219       ,52          23220       ,88          23221       ,19          23222       ,89          23223       ,16          23224       ,24          23225       ,86          23226       ,30          23227       ,65          23228       ,47          23229       ,19          23230       ,63          23231       ,66          23232       ,54          23233       ,69          23234       ,38          23235       ,37          23236       ,89          23237       ,33          23238       ,60          23239       ,24          23240       ,45          23241       ,60          23242       ,56          23243       ,11          23244       ,83          23245       ,98          23246       ,90          23247       ,84          23248       ,73          23249       ,85          23250       ,51          23251       ,14          23252       ,82          23253       ,56          23254       ,41          23255       ,73          23256       ,54          23257       ,78          23258       ,58          23259       ,11          23260       ,38          