Name: 
ыыы
-----------------------------------------
Date: 25.04.2022 22-56-11 
-----------------------------------------
MeasureType: Amperage
-----------------------------------------
MeasureSubType: Range
-----------------------------------------
Description:

-----------------------------------------
Measure:
Wave, нм    | Amperage, Am  
-----------------------------------------21000       |71          21100       |2238        21200       |2109        21300       |2081        21400       |2029        21500       |2317        21600       |1967        21700       |2259        21800       |1978        21900       |2287        22000       |1987        22100       |2295        22200       |1995        22300       |2304        22400       |2011        22500       |2323        22600       |2033        22700       |2347        22800       |2059        22900       |2037        23000       |2411        23100       |2141        23200       |2111        23300       |2119        23400       |2125        23500       |2131        23600       |2131        23700       |2133        23800       |2133        23900       |2133        24000       |2131        24100       |2134        24200       |2134        24300       |2135        24400       |2135        24500       |2137        24600       |2139        24700       |2139        24800       |2139        24900       |2139        25000       |2141        25100       |2135        25200       |2135        25300       |2139        25400       |2139        25500       |2141        25600       |2137        25700       |2131        25800       |2118        25900       |2089        26000       |2059        26100       |2022        26200       |2343        26300       |2043        26400       |2337        26500       |2029        26600       |2318        26700       |2011        26800       |2305        26900       |2003        27000       |2295        27100       |1999        27200       |2291        27300       |2001        27400       |2311        27500       |2029        27600       |2357        27700       |2107        27800       |2091        27900       |2091        28000       |2099        28100       |2111        28200       |2119        28300       |2125        28329       |2127        28429       |1955        28529       |2363        28629       |2101        28729       |2073        28829       |2077        28929       |2079        29029       |2082        29129       |2087        29229       |2091        29329       |2097        29429       |2107        29529       |2111        29629       |2115        29729       |2117        29829       |2123        29929       |2123        30029       |2127        30129       |2131        30229       |2134        30329       |2131        30429       |2111        30529       |2073        