Name: 
сссс
-----------------------------------------
Date: 25.04.2022 23-02-22 
-----------------------------------------
MeasureType: Amperage
-----------------------------------------
MeasureSubType: Range
-----------------------------------------
Description:

-----------------------------------------
Measure:
Wave, нм    | Amperage, Am  
-----------------------------------------21000       |2023        21100       |1829        21200       |2257        21300       |2022        21400       |2359        21500       |2103        21600       |2087        21700       |2097        21800       |2107        21900       |2107        22000       |2105        22100       |2101        22200       |2095        22300       |2083        23500       |2063        23600       |2061        23700       |2059        23800       |2059        23900       |2059        24000       |2059        24100       |2059        24200       |2059        24300       |2063        24400       |2059        24500       |2061        24600       |2057        24700       |2055        24800       |2055        24900       |2055        25000       |2058        25100       |2057        25200       |2062        25300       |2067        25400       |2075        25500       |2079        25600       |2079        25700       |2081        25800       |2087        25900       |2087        26000       |2091        26100       |2091        26200       |2091        26300       |2093        26400       |2095        26500       |2098        26600       |2103        26700       |2101        26800       |2102        26900       |2101        27000       |2099        27100       |2095        27200       |2091        27300       |2087        27400       |2086        27500       |2082        27600       |2075        27700       |2071        27800       |2071        27900       |2063        28000       |2063        28100       |2062        28200       |2067        28300       |2063        28400       |2063        28500       |2063        28600       |2067        28700       |2075        28800       |2081        28900       |2079        29000       |2083        29100       |2058        29200       |2085        29300       |2101        29400       |2107        29500       |2109        29600       |2106        29700       |2115        29800       |2107        29900       |2095        30000       |2083        30100       |2068        30200       |2051        30300       |2031        30400       |2351        30500       |2045        30600       |2327        30700       |2015        30800       |2295        30900       |1995        31000       |2275        0           |0           