Name: 
sdfgsdfg
-----------------------------------------
Date: 25.04.2022 23-15-00 
-----------------------------------------
MeasureType: Amperage
-----------------------------------------
MeasureSubType: Range
-----------------------------------------
Description:

-----------------------------------------
Measure:
Wave, нм    | Amperage, Am  
-----------------------------------------21000       |2215        21100       |1919        21200       |2207        21300       |1949        21400       |229         21500       |2042        21600       |2383        21700       |2101        21800       |2067        21871       |2067        21971       |1999        22071       |2369        22171       |2051        22271       |1972        22371       |2295        22460       |1993        22560       |1995        22660       |2295        22760       |1997        22860       |2291        22960       |1995        23025       |2287        23125       |1927        23225       |2253        23325       |1946        23410       |2239        23510       |1887        23610       |2214        23710       |1935        23810       |2229        0           |0           