Name: 
оби
-----------------------------------------
Date: 25.04.2022 23-59-45 
-----------------------------------------
MeasureType: Amperage
-----------------------------------------
MeasureSubType: Range
-----------------------------------------
Description:

-----------------------------------------
Measure:
Wave, нм    | Amperage, Am  
-----------------------------------------20100       |71          20110       |2302        20120       |1933        20130       |2403        20140       |2239        20150       |2159        20160       |2109        20170       |2084        20180       |2065        20190       |2055        20200       |2047        20210       |2439        20220       |2262        20230       |2175        20240       |2133        20250       |2114        20260       |2101        20270       |2099        20280       |2097        20290       |2094        20300       |2087        20310       |2081        20320       |2079        20330       |2073        20340       |2069        20350       |2067        20360       |2064        20370       |2064        20380       |2059        20390       |2053        20400       |2049        20410       |2047        20420       |2449        20430       |2271        20440       |2182        20450       |2127        20460       |2091        20470       |2073        20480       |2061        20490       |2052        20500       |2047        20510       |2439        20520       |2249        20530       |2148        20540       |2091        20550       |2051        20560       |2028        20570       |2417        20580       |2242        20590       |2151        20600       |21          20610       |2075        20620       |2063        20630       |2047        20640       |2438        20650       |2261        20660       |2173        20670       |2125        20680       |2089        20690       |2073        20700       |2063        20710       |2053        20720       |2053        20730       |2049        20740       |2049        20750       |2049        20760       |2046        20770       |2449        20780       |2277        20790       |2204        20800       |2143        20810       |2103        20820       |2081        20830       |2066        20840       |2059        20850       |205         20860       |2047        20870       |2443        20880       |2265        20890       |2291        20900       |2187        20910       |2111        20920       |2073        20930       |2051        20940       |2041        20950       |2431        20960       |2252        20970       |2164        20980       |2118        20990       |2087        21000       |2269        0           |0           