Name: 
ьь
-----------------------------------------
Date: 26.04.2022 00-02-15 
-----------------------------------------
MeasureType: Amperage
-----------------------------------------
MeasureSubType: Range
-----------------------------------------
Description:

-----------------------------------------
Measure:
Wave, нм    | Amperage, Am  
-----------------------------------------20100       |2191        20110       |1975        20120       |2367        20130       |2227        20140       |2159        20150       |2118        20160       |2089        20170       |2075        20180       |2067        20190       |2061        20200       |2057        20210       |2055        20220       |2055        20230       |2055        20240       |2053        20250       |2055        20260       |2055        20270       |2055        20280       |2055        20290       |2052        20300       |2055        20310       |2058        20320       |2071        20330       |2083        20340       |2085        20350       |2091        20360       |2093        20370       |2094        20380       |2091        20390       |2083        20400       |2081        20410       |2079        20420       |207         20430       |2067        20440       |2069        20450       |2073        20460       |2074        20470       |2073        20480       |2075        20490       |2071        20500       |2073        20510       |2073        20520       |2073        20530       |2073        20540       |2069        20550       |2071        20560       |2071        20570       |2071        20580       |2069        20590       |2065        20600       |2067        20610       |2067        20620       |2067        20630       |2065        20640       |2063        20650       |2061        20660       |2051        20670       |2039        20680       |2435        20690       |2251        20700       |2159        20710       |2107        20720       |2075        20730       |2055        20740       |2039        20750       |2437        20760       |2255        20770       |2165        20780       |2121        20790       |2087        20800       |2071        20810       |2063        20820       |2053        20830       |205         20840       |2047        20850       |2447        20860       |2267        20870       |2183        20880       |2129        20890       |2099        20900       |2085        20910       |2074        20920       |2067        20930       |2063        20940       |2057        20950       |2057        20960       |2055        20970       |2055        20980       |2055        20990       |2053        21000       |2055        0           |0           