Name: 
аааа
-----------------------------------------
Date: 26.04.2022 00-03-45 
-----------------------------------------
MeasureType: Amperage
-----------------------------------------
MeasureSubType: Range
-----------------------------------------
Description:

-----------------------------------------
Measure:
Wave, нм    | Amperage, Am  
-----------------------------------------20100       |2059        20110       |2047        20120       |2513        20130       |2323        20140       |2227        20150       |2171        20160       |2135        20170       |2111        20180       |2095        20190       |2085        20200       |2079        20210       |2075        20220       |2073        20230       |2069        20240       |207         20250       |2069        20260       |2069        20270       |2067        20280       |2067        20290       |2069        20300       |2067        20310       |2069        20320       |2069        20325       |2066        0           |0           