Name: 
вв
-----------------------------------------
Date: 26.04.2022 00-13-35 
-----------------------------------------
MeasureType: Amperage
-----------------------------------------
MeasureSubType: Range
-----------------------------------------
Description:

-----------------------------------------
Measure:
Wave, нм    | Amperage, Am  
-----------------------------------------20100       |71          20110       |2183        20120       |2522        20130       |2542        20140       |2543        20150       |2542        20160       |2539        20170       |2535        20180       |2533        20190       |2531        20197       |2532        20207       |1893        20217       |2566        20227       |2478        20237       |2463        20247       |2465        20257       |2487        20267       |2507        20277       |2515        20287       |2527        20297       |2531        20307       |2539        20317       |2534        20327       |2443        20337       |2437        20347       |2455        20357       |2479        20357       |2506        20367       |2083        20377       |2331        20387       |242         20397       |2471        20407       |2497        20417       |2508        20423       |251         20433       |1884        20443       |2609        20453       |2541        20461       |2532        20471       |1925        20481       |2751        20491       |2647        20501       |2598        20511       |2573        20521       |2556        20531       |2549        20541       |2546        20551       |2543        20561       |2536        20571       |2534        20581       |2531        20591       |2531        20601       |2528        20611       |2527        20621       |2523        20631       |2521        20641       |2519        20651       |252         20661       |2521        20671       |2518        20681       |2518        20691       |2515        20701       |2503        20711       |249         20721       |2479        20731       |2474        20741       |2467        20751       |2462        20761       |2453        20771       |2446        20781       |2434        20791       |2423        20801       |2423        20811       |2415        20821       |2405        20831       |2402        20841       |2397        20851       |2391        20861       |2378        20871       |2331        20881       |2338        20891       |2363        20901       |2379        20911       |2382        20921       |2386        20931       |2395        20941       |2401        20951       |2406        20961       |2407        20971       |2411        20981       |2412        20991       |2426        21001       |2438        21011       |2443        21021       |2451        0           |0           