Name: 
sdfgsdfg
-----------------------------------------
Date: 26.04.2022 00-15-08 
-----------------------------------------
MeasureType: Amperage
-----------------------------------------
MeasureSubType: Range
-----------------------------------------
Description:

-----------------------------------------
Measure:
Wave, нм    | Amperage, Am  
-----------------------------------------20100       |2479        20110       |2071        20120       |2109        20130       |2268        20140       |2348        20150       |2373        20160       |238         20170       |2382        20180       |2386        20190       |2394        20200       |2396        20210       |2395        20210       |2397        20220       |1935        20230       |2731        20240       |2619        20250       |2567        20260       |2535        20270       |2519        20280       |2511        20290       |2501        20300       |2499        20310       |2497        20320       |2495        20330       |2497        20340       |2495        20350       |2497        20360       |2493        20370       |2493        20380       |2493        20390       |2491        20396       |2491        20406       |2155        20416       |2349        20426       |2415        20436       |2449        20446       |2471        20456       |248         20466       |2489        20476       |2493        20486       |2491        20496       |2479        20506       |2467        20516       |2457        20526       |2455        20536       |2451        20546       |2447        20556       |2435        20566       |2431        20576       |2429        20586       |2427        20596       |2423        20606       |2418        20616       |2413        20626       |2407        20636       |2407        20646       |2407        20656       |2403        20666       |2407        20676       |2407        0           |0           