Name: 
аыфавыв
-----------------------------------------
Date: 26.04.2022 23-51-47 
-----------------------------------------
MeasureType: Amperage
-----------------------------------------
MeasureSubType: Time
-----------------------------------------
Description:

-----------------------------------------
Measure:
Time, сек   | Amperage, Am  
-----------------------------------------0           |2046        1           |2483        2           |2087        3           |2007        4           |2417        5           |2118        6           |2159        7           |2282        8           |2317        9           |2305        10          |2279        11          |2167        12          |2027        13          |2399        14          |2082        15          |2049        16          |2170        17          |2295        18          |2319        19          |2299        20          |2274        21          |2129        22          |2015        23          |2402        24          |2093        25          |2059        26          |2195        27          |2305        28          |2323        29          |2311        0           |0           